=== MO-2 GYRO CHAMBER SYSTEM ===
Gyro Detected.
Flash ID: 20 BA 21
IDLE: 'e'=Erase, 'r'=Retrieve, BTN=Log
--- START DATA ---
CYCLE_ID:1
-12,-429,-280
-13,-70,-338
71,47,-340
118,57,-198
234,88,-47
247,15,115
183,-14,276
191,-32,448
130,-6,474
145,29,430
212,-4,278
143,56,66
79,115,-142
116,150,-238
137,146,-264
99,128,160
99,198,462
-10,195,663
-68,137,770
-38,165,757
-8,159,677
81,164,577
112,133,605
95,182,681
131,176,725
230,184,696
344,208,527
423,197,475
425,223,637
506,159,638
474,163,730
601,111,786
704,107,1002
854,115,1238
956,64,1248
963,49,1137
996,84,968
968,153,791
905,259,626
638,404,469
460,491,444
433,511,587
285,548,787
-164,453,1310
-134,425,1684
-71,474,2059
-102,529,2213
-224,510,1976
-202,420,1460
-94,393,973
-97,399,644
61,362,557
450,290,740
696,96,1083
859,-131,1404
855,-296,1703
864,-429,2051
849,-642,2203
727,-666,2008
702,-559,1845
744,-446,1715
715,-409,1414
807,-334,1275
861,-223,1375
929,-113,1794
1049,17,2093
1108,-47,2136
936,-280,2146
728,-473,2274
465,-650,2469
238,-826,2813
131,-716,3573
205,-598,3536
459,-513,3404
576,-427,3337
687,-457,3308
525,-399,3407
127,-257,3645
-255,-210,3988
-532,-198,4236
-644,-131,4594
-559,-34,5014
-194,-1,5397
377,-39,5711
873,-200,5965
1559,-726,5905
1736,-1086,5837
1684,-1500,5893
1478,-1849,6125
1309,-1972,6562
1112,-1897,7068
951,-1659,7625
848,-1325,8147
763,-914,8516
699,-383,8805
859,114,8827
1045,505,8526
1288,775,8088
1510,908,7583
1867,1081,7031
2579,1010,7275
2978,974,7821
3315,977,8607
3596,964,9450
3837,843,9906
3907,614,9946
3846,217,9776
3570,-97,9674
3063,-301,9744
2390,-392,10046
1660,-301,10612
990,21,11136
691,378,11437
739,1261,11217
1783,1682,10910
2108,2053,10630
2414,2345,10386
2455,2462,10323
2282,2528,10347
2014,2519,10528
1722,2466,10804
1635,2486,11233
1650,2396,11788
1669,2244,12360
1815,2029,12718
1754,1773,13057
1637,1635,13355
1521,1685,13488
1212,1760,13072
1039,1854,12606
1085,2025,12220
1245,2243,12039
1473,2333,11895
1791,2427,11820
2091,2484,11892
2355,2471,11984
2440,2496,12136
2317,2466,12337
1939,2456,12430
1522,2404,12485
1182,2353,12581
955,2537,12263
501,2524,12097
541,2686,11994
865,2954,11591
1085,3161,11004
1343,3238,10166
1579,3160,9422
1672,2909,8880
1627,2521,8710
1389,2082,8934
1108,1604,9394
657,1156,10075
274,859,10806
253,720,11265
510,741,11195
1375,965,10463
1842,995,9402
2314,910,8326
2578,861,7617
2545,766,7287
2329,611,7208
1967,470,7390
1572,404,7613
1174,372,7692
920,383,7699
922,385,7718
996,331,7662
999,264,7514
1032,164,7382
1181,67,7198
1365,63,6932
1386,113,6544
1314,119,6138
1244,55,5850
1120,-40,5684
903,-81,5746
756,-163,6007
520,-218,6316
398,-289,6497
541,-302,6594
839,-299,6441
1389,-308,6197
1844,-350,5634
2435,-294,5637
2414,-337,5554
1891,-468,5530
1312,-508,5767
721,-414,6217
367,-280,6690
261,-90,7205
359,55,7619
493,173,7814
557,343,7908
691,571,7889
908,844,7731
1060,991,7305
1107,1146,6839
834,1415,6698
959,1472,6691
1235,1379,7029
1585,1257,7448
1686,1043,7818
1704,788,8062
1690,554,8340
1532,387,8553
1165,326,8562
687,274,8358
281,260,7884
101,268,7384
42,322,7017
106,381,6965
588,626,7331
963,777,7670
1184,836,7998
1303,921,8223
1315,944,8376
1404,945,8563
1561,914,8720
1723,891,8771
1826,913,8720
1909,959,8626
1891,925,8503
1902,889,8394
1909,779,8361
1773,724,8625
1203,647,9098
746,604,9365
407,692,9743
366,867,10212
512,1079,10545
678,1338,10668
806,1548,10620
1027,1699,10397
1345,1789,10098
1547,1838,9862
1520,1789,9732
1583,1717,9682
1706,1634,9761
1855,1557,9890
2227,1385,9850
2428,1289,9588
2535,1266,9317
2516,1232,9096
2201,1176,8849
1774,1154,8744
1356,1201,8748
942,1159,8614
603,1133,8455
497,1218,8354
816,1224,8357
1194,1238,8336
1467,1266,8335
1684,1368,8256
1620,1542,8084
1367,1619,7960
1202,1582,7828
1013,1538,7615
961,1532,7363
1020,1409,7157
1223,1226,7017
1496,1015,6949
1576,734,6986
1428,517,7071
1183,242,7255
795,3,7391
331,-210,7417
-95,-343,7556
-156,-420,7491
316,-405,7258
712,-411,6921
1214,-331,6556
1444,-159,6323
1540,96,6188
1492,255,5949
1262,214,5616
954,84,5284
639,-128,5178
416,-425,5282
235,-704,5598
266,-901,6230
293,-922,6881
344,-852,7102
575,-354,6822
787,-28,6368
896,222,5777
831,348,5048
736,242,4389
681,136,4050
679,-20,4164
652,-133,4701
576,-292,5655
517,-359,6765
353,-312,7708
141,-247,8319
-43,-43,8570
-273,284,7990
-371,971,7372
-295,1246,6737
-113,1402,6373
238,1585,6196
843,1712,6231
1594,1794,6356
2369,1755,6555
3014,1637,6716
3296,1525,6954
3175,1353,7083
2803,1223,7100
2295,1054,7060
1941,914,7015
1520,720,7180
1144,305,7638
1104,147,7998
1179,141,8240
1348,232,8485
1461,442,8626
1538,689,8561
1536,895,8279
1542,1099,7895
1570,1234,7529
1552,1362,7294
1562,1503,7388
1700,1610,7526
1875,1778,7750
2002,1832,8130
2073,1893,8949
2130,1890,9238
1978,1818,9350
1761,1677,9371
1555,1616,9419
1402,1459,9313
1273,1334,9179
1233,1322,9254
1328,1325,9562
1530,1413,10005
1661,1513,10491
1549,1581,10845
1277,1632,10964
1058,1710,10880
1079,1657,10158
1231,1597,9697
1383,1535,9394
1544,1479,9194
1682,1429,9279
1755,1373,9472
1721,1438,9882
1772,1599,10479
1877,1795,10941
1738,1966,11073
1480,2075,10746
1385,2242,10019
1222,2408,9315
1041,2571,8701
979,2552,8051
1160,2374,8157
1400,2213,8488
1685,2068,8904
1953,1883,9307
2138,1687,9390
2141,1488,9221
2125,1312,8973
2222,1131,8768
2208,924,8476
1970,754,8110
1748,684,7753
1828,625,7394
1960,518,7084
2119,461,6911
2384,196,6813
2300,-30,6785
2055,-156,7101
1606,-140,7512
1040,34,7810
405,254,7937
-144,471,7752
-328,755,7479
-180,1047,7278
-2,1283,7120
250,1460,6912
459,1535,6780
511,1444,6598
511,1232,6380
277,815,6310
-10,593,6376
-80,442,6528
-50,245,6834
169,90,7325
531,-58,7718
758,-275,7769
981,-493,7620
1193,-545,7376
1167,-530,7109
947,-525,6774
477,-522,6570
86,-418,6647
-138,-250,7442
-274,374,8166
151,750,8663
715,1064,8944
1145,1446,8877
1381,1813,8554
1517,2037,8144
1539,2174,7717
1476,2171,7316
1442,2077,7029
1475,1945,6813
1550,1740,6802
1714,1516,6971
1905,1234,7124
2145,1010,7485
2154,769,7731
1913,625,7915
1585,574,8053
1330,559,8060
976,630,7986
653,717,7909
426,845,7733
468,960,7549
736,1096,7432
1027,1170,7363
1339,1244,7449
1700,1365,7601
1985,1343,7719
1931,1267,7798
1519,1111,7934
1340,980,7933
1195,928,7997
1078,922,8032
1123,903,8280
1260,897,8567
1523,895,8871
1680,931,9202
1742,985,9405
1687,1104,9376
1599,1405,9277
1417,1499,8887
1208,1523,8397
897,1488,8103
657,1583,8494
805,1582,9054
1094,1571,9563
1536,1617,9949
1906,1752,9974
2197,1909,9920
2380,2009,9544
2404,2013,9041
2237,1898,8557
2017,1695,8117
1858,1497,7924
1681,1344,8060
1880,1277,8503
1982,1338,8998
2142,1670,9349
1987,1954,9065
1736,2309,8609
1324,2593,7834
765,2825,7031
388,2934,6277
238,2830,5687
236,2614,5509
375,2327,5691
661,1925,6127
973,1573,6727
1145,1297,7258
1285,992,7560
1417,827,7648
1428,650,7147
1646,556,6561
1775,502,6062
1801,434,5555
1688,404,5332
1687,367,5241
1752,325,5229
1703,220,5375
1557,81,5730
1110,-183,6311
582,-364,6878
12,-423,7345
-535,-420,7448
-948,-226,7239
-1198,304,5882
-794,557,4938
-299,740,4148
59,917,3590
354,999,3478
473,982,3597
476,851,3767
466,534,4182
245,179,4648
70,-118,5054
60,-468,5305
246,-661,5300
521,-832,5193
705,-973,4789
866,-1137,4425
843,-972,4630
401,-872,5024
-81,-721,5427
-612,-590,5865
-749,-288,6353
CYCLE_ID:2
213,-441,203
147,-565,302
113,-526,535
-41,-434,624
6,-413,711
125,-406,636
216,-288,425
303,-66,187
269,121,-53
247,211,-197
282,118,-226
239,-35,-182
174,-32,-54
40,14,81
-142,65,223
-279,18,304
-308,-103,288
-185,5,236
32,74,178
218,7,79
320,-59,-21
341,-29,-111
338,77,-162
153,230,-124
53,315,-83
-2,176,108
-92,33,330
-101,-163,504
-122,-234,650
-55,-203,638
126,-231,440
417,-181,281
481,-78,89
493,71,-74
406,133,-140
315,99,-150
267,-34,-75
141,-127,-48
34,-209,-99
54,-198,-68
129,-182,-13
152,-100,-92
298,-23,-99
445,-24,-173
513,15,-504
459,152,-681
359,144,-858
312,65,-897
227,-24,-920
173,-70,-837
209,-97,-779
269,-65,-662
363,-179,-600
507,-318,-533
497,-385,-518
304,-414,-556
102,-426,-620
-38,-392,-709
-125,-349,-846
263,-413,-922
439,-456,-995
513,-255,-1021
500,86,-1057
393,438,-1138
343,633,-1198
288,612,-1329
127,327,-1519
-42,-134,-1710
-229,-416,-1963
-372,-427,-2209
-482,-315,-2537
-560,-239,-2911
-630,-187,-3679
-621,-191,-4080
-515,-130,-4474
-373,-28,-4885
-143,94,-5295
143,170,-5572
341,207,-5846
473,231,-5991
589,310,-6055
591,440,-6284
470,457,-6627
343,275,-6872
189,-55,-7105
68,-417,-7411
-18,-554,-8289
-19,17,-8765
204,367,-9155
398,548,-9314
552,526,-9426
496,347,-9362
299,115,-9234
51,-21,-9216
-149,-27,-9219
-198,-32,-9343
-235,-35,-9509
-230,-106,-9699
-205,-107,-9838
-40,62,-9979
242,-1,-1
815,671,-1
1014,524,-1
1030,300,-9299
828,158,-214
575,35,-129
366,-244,-1
322,-1,-1
5858,2048,512
5858,2048,2
10,0,3315
5858,2048,512
5858,2048,2
10,0,3315
5858,2048,512
10,0,3315
10,0,3315
5858,2048,512
10,0,3315
10,0,2
10,0,2
10,0,2
10,0,2
10,0,2
10,0,2
10,0,2
10,0,2
10,0,2
10,0,2
10,0,2
10,0,2
10,0,2
10,0,2
10,0,2
10,0,2
10,0,2
10,0,2
10,0,2
10,0,2
10,0,2
10,0,2
10,0,2
10,0,2
10,0,2
10,0,2
10,0,2
10,0,2
10,0,2
10,0,2
10,0,2
10,0,2
10,0,2
10,0,2
10,0,2
--- END DATA (Found Empty Space) ---
