--- START DATA ---
CYCLE_ID:1
6,2,35
4,0,64
0,0,4
2,10,64
34,8,66
144,0,48
130,18,0
52,32,71
0,52,16
120,64,66
128,56,48
17,0,4
8,0,4
105,5,1
144,148,2
138,0,2
17,0,0
128,35,64
52,0,66
4,24,68
8,128,0
128,4,0
9,16,0
0,0,0
128,4,50
132,32,0
162,10,17
146,2,0
0,5,12
64,9,4
32,16,32
0,1,0
0,0,0
2,8,16
8,128,0
2,0,48
16,0,4
64,1,10
24,0,0
137,0,64
136,6,0
132,32,4
32,0,65
16,0,0
66,42,0
24,16,0
0,1,8
0,1,0
64,4,2
20,0,0
0,0,64
1,0,64
98,34,32
0,16,16
0,0,64
144,32,65
129,4,18
129,2,65
128,0,32
8,8,14
0,8,64
0,130,64
0,32,8
8,0,72
104,0,0
8,0,5
128,0,17
0,0,22
97,0,0
0,8,80
17,0,17
9,5,0
97,48,32
0,0,0
68,8,32
2,1,40
32,64,0
16,33,0
0,2,64
0,0,0
2,0,0
32,0,17
0,0,0
68,0,72
1,0,0
1,2,0
80,0,64
146,32,1
0,0,0
44,68,11
0,0,4
128,4,74
128,128,0
9,1,8
17,8,72
1,8,0
0,0,80
12,0,72
0,1,0
4,4,64
8,0,18
2,32,64
0,0,14
0,0,66
128,17,16
1,10,0
128,0,64
128,0,4
52,1,0
0,8,64
0,4,97
104,0,0
0,0,1
68,0,0
2,0,12
0,4,0
0,8,96
2,0,69
0,2,0
8,0,0
16,16,4
38,0,64
1,0,73
5,0,64
160,0,0
2,0,0
0,16,64
0,0,16
64,0,0
16,0,4
148,48,16
128,26,0
8,0,80
178,128,0
96,128,0
130,0,1
8,2,0
0,32,0
4,65,16
9,33,0
0,16,32
0,0,20
0,0,4
8,4,96
0,0,1
0,0,17
0,20,0
20,0,1
8,8,64
64,8,28
16,1,66
20,0,0
73,0,100
72,4,16
32,0,0
136,10,65
17,0,0
4,4,0
0,12,64
0,5,1
128,32,80
0,0,65
35,1,37
1,0,0
16,1,0
0,1,0
0,128,68
0,0,0
128,2,0
0,0,16
34,1,0
104,16,48
0,10,0
0,0,32
64,4,0
8,4,72
130,0,5
128,64,0
0,21,0
108,65,4
137,0,16
128,0,96
0,0,16
0,0,44
8,48,17
0,8,37
4,0,0
98,0,64
0,8,0
0,8,0
32,34,2
80,0,0
8,32,0
32,4,96
8,1,0
0,0,9
160,8,12
128,1,32
0,0,69
128,4,16
16,0,2
32,22,2
6,1,72
0,65,0
1,1,84
0,52,4
0,0,0
96,16,4
0,0,0
128,8,0
64,32,64
128,32,64
0,1,69
0,8,77
8,0,68
0,1,2
66,0,64
16,32,8
36,12,16
128,0,66
128,128,0
128,0,64
130,1,0
32,4,0
8,0,65
16,64,82
10,0,0
144,40,80
136,34,65
133,0,0
32,36,80
8,36,50
48,4,1
8,0,4
8,16,33
24,8,16
80,72,2
16,0,16
20,18,66
128,0,10
3,18,8
0,0,0
2,32,6
1,0,4
0,5,5
84,64,0
1,1,8
4,1,65
70,19,81
129,32,16
128,4,0
132,9,64
0,48,40
3,0,72
0,0,8
0,0,0
64,16,4
100,0,50
128,1,32
0,1,64
0,16,8
4,16,4
130,1,2
32,4,0
4,0,72
1,0,16
0,0,2
16,0,8
0,8,16
128,0,1
128,8,33
8,1,1
64,0,64
0,1,8
1,0,8
136,18,96
2,64,8
8,0,2
128,1,55
1,4,0
64,0,0
128,1,80
128,8,32
160,32,0
4,0,0
1,16,64
16,20,80
72,32,1
32,8,64
0,0,0
0,2,2
34,64,32
3,0,48
64,0,8
24,0,64
4,0,0
136,4,0
130,2,66
1,32,0
68,2,1
0,0,0
97,0,0
128,0,56
0,40,1
0,12,50
0,32,2
128,3,64
129,0,48
26,0,1
96,0,22
76,40,75
64,2,4
130,1,0
0,0,68
88,32,32
67,0,0
140,8,65
128,0,0
0,32,0
8,17,80
133,0,68
128,0,0
0,0,0
0,0,0
160,8,0
48,16,0
0,1,16
0,0,0
0,32,0
0,0,64
0,0,36
96,18,1
112,12,0
128,8,96
0,0,48
73,6,8
49,0,0
0,0,64
128,0,32
128,2,17
80,1,2
18,0,32
113,8,4
0,10,41
129,0,0
36,0,40
2,1,0
4,0,32
32,2,64
16,64,0
66,1,64
64,0,0
88,10,64
48,0,9
0,0,0
0,64,16
64,0,0
128,0,48
17,4,8
0,32,0
32,8,4
0,0,81
12,0,64
2,32,66
1,4,72
4,0,0
0,0,17
128,4,0
0,0,0
1,17,32
98,16,4
0,4,2
0,26,0
1,0,0
128,0,64
130,4,0
64,64,4
6,9,1
8,0,0
8,0,17
0,0,0
66,8,0
128,0,9
0,0,0
16,0,0
2,0,0
0,1,0
96,1,2
32,2,1
128,0,36
0,0,16
0,48,0
128,8,4
132,0,0
72,0,32
0,1,3
0,24,0
0,0,1
128,4,97
0,0,2
0,2,0
72,0,0
130,9,0
0,18,104
0,32,0
0,6,48
3,41,0
128,16,16
128,0,12
8,0,64
5,6,4
0,36,36
0,36,8
0,12,0
64,2,24
160,0,24
146,0,64
32,32,64
2,16,64
1,0,4
0,12,8
0,0,0
132,0,0
0,0,0
90,0,4
128,32,64
32,1,0
128,2,64
0,49,0
70,32,66
16,17,5
34,33,0
2,0,0
1,0,1
32,0,1
0,0,32
72,73,0
1,0,4
0,54,18
0,0,0
0,0,0
0,0,0
129,12,64
33,5,0
0,12,0
1,0,33
4,4,10
128,0,2
128,4,0
16,64,32
128,32,16
14,1,32
41,32,6
128,0,0
0,68,0
16,0,76
24,0,0
0,0,96
34,0,16
1,2,8
1,0,0
0,8,12
48,0,16
130,0,18
8,4,0
72,4,48
16,0,16
0,8,1
34,0,4
153,33,2
80,20,0
0,0,1
144,0,0
8,4,0
4,34,40
4,8,32
0,1,0
32,36,16
66,0,0
128,16,64
128,2,32
36,0,0
128,4,0
0,0,0
16,0,0
130,1,64
0,66,0
0,0,0
0,0,4
0,34,1
132,3,0
64,0,12
64,0,0
0,0,64
134,4,0
64,2,0
10,0,0
64,75,0
16,0,33
0,32,1
8,0,66
0,-2688,3
128,-2672,8
3,-2784,32
0,-126,0
8,-127,4
16,-120,12
0,-112,0
128,-92,0
64,-124,0
4,-104,0
0,-128,66
32,-120,33
2,-128,0
16,-120,8
0,-128,0
2,-128,96
40,-112,4
0,-126,32
0,-126,0
2,2,34
9,-91,17
2,-80,24
6,-121,0
0,-127,65
32,-112,6
0,-95,80
96,-128,0
129,-104,0
0,-126,68
64,-128,0
0,-62,2
16,-128,5
20,-236,5
4,-255,48
0,-128,0
0,-128,0
0,-119,41
8,-94,0
0,-94,0
130,-128,0
0,-122,2
1,-128,0
64,-128,72
0,-128,0
0,-124,32
0,-128,1
16,-126,0
0,-104,4
0,-126,96
8,-120,32
0,-128,8
16,-120,4
4,4,4
16,-128,0
4,-124,0
8,-127,18
1,-128,69
6,-128,64
0,-128,24
4,-80,16
129,-128,68
134,-120,16
130,-80,64
66,-128,0
0,-120,2
0,-127,64
0,-120,0
0,-112,12
128,-128,5
70,-128,0
66,-120,96
48,-112,0
0,-128,64
128,-128,5
0,-128,0
12,-128,8
12,-126,0
8,-64,72
19,0,0
8,-128,16
0,-232,2
0,-128,0
18,-122,2
6,-127,11
16,-128,96
0,-127,0
0,-126,0
64,-128,97
9,-128,2
67,-112,0
0,-128,0
132,-128,5
64,-80,0
8,-128,97
16,-56,1
0,-128,16
0,-128,64
0,-128,0
0,-96,16
34,-108,1
0,0,1
0,-96,96
128,-112,0
0,-128,65
72,-128,0
32,-128,2
1,-126,8
2,-128,64
0,-128,6
0,-112,64
64,-128,1
130,-126,4
64,-95,49
28,-95,80
0,-124,65
136,-102,2
0,-128,0
8,-128,16
8,-60,10
8,-128,0
5,-128,96
0,-96,1
128,-128,8
32,-120,0
0,-128,1
8,-128,64
0,-128,4
32,-128,0
0,-127,0
0,-126,0
20,-111,0
130,-128,8
0,-112,0
0,-96,32
128,-95,32
0,-119,65
1,-128,6
88,-128,12
4,-96,17
8,-128,0
3,-112,0
0,-64,36
16,-128,4
36,-128,48
0,-127,0
0,-128,80
10,-106,81
0,-124,0
32,-120,0
32,-112,32
66,-128,64
0,-128,4
8,-256,0
64,-111,20
1,-120,128
7,-126,17
0,-128,0
82,-248,0
8,-112,0
0,-256,15
0,-128,0
0,-128,0
2,-122,84
0,-112,0
0,-128,0
128,-128,64
0,-128,0
0,-127,68
0,-96,2
1,-112,96
32,-96,67
64,-124,4
128,-126,0
0,-96,56
32,-128,4
0,-126,64
2,-124,44
40,-120,2
0,-124,68
8,-124,0
0,-128,0
20,-256,40
8,-128,0
0,-128,97
0,-128,0
4,-88,0
0,-128,0
14,-120,1
2,-117,0
88,-128,34
4,-128,0
2,-124,0
4,-112,138
8,-128,36
164,-124,4
73,-104,1
8,-120,0
36,-128,0
36,-95,0
6,-126,0
2,-128,64
0,-128,0
136,-128,96
0,-112,82
8,-126,0
4,-126,128
2,-120,0
4,-124,66
0,-112,0
0,-96,96
136,-128,0
0,-96,81
16,-128,4
33,-128,36
0,-126,80
0,-128,8
0,-120,64
0,-219,0
64,-112,64
0,-88,72
66,-127,0
176,-128,32
116,-112,2
0,-128,64
34,-128,0
32,-124,24
1,-112,64
33,-128,64
0,-126,8
128,-128,2
2,-128,50
16,-63,2
128,-128,0
16,-112,68
68,-116,32
0,-256,0
36,-128,96
64,-124,96
9,-128,1
66,-128,0
1,-256,0
20,-126,6
32,-256,2
64,-128,64
1,-128,64
4,-110,0
32,-104,3
64,-256,0
128,-128,32
0,-128,72
0,-128,0
2,-128,16
0,-112,16
56,-128,0
160,-127,32
128,-124,0
96,-120,4
0,-124,0
84,-127,0
0,-128,8
0,-120,6
16,-128,0
0,-96,0
17,-127,64
0,-91,64
16,-128,72
38,-120,64
12,-120,64
0,-112,4
0,-128,0
10,-128,20
32,-128,1
128,-120,64
32,-88,64
0,-116,32
0,-126,8
0,-128,16
2,-110,0
16,-128,1
8,-128,64
40,-128,16
34,-128,80
144,-92,64
129,-128,0
128,-120,2
6,-124,0
2,-128,2
1,-112,35
4,-128,32
66,-128,1
128,-128,8
8,-128,0
0,-110,4
8,-126,64
0,-96,8
0,-112,3
16,-80,48
16,-128,32
105,-119,12
0,-126,0
0,-128,8
0,-128,0
6,-184,0
0,-128,80
1,-127,0
4,-245,4
64,-127,1
0,-127,0
0,-104,7
17,-127,0
50,-120,0
0,-128,64
32,0,1
2,-127,33
64,-128,66
32,-128,2
32,-126,50
40,-128,76
33,-256,32
0,-128,2
0,-128,4
4,-128,64
2,-128,16
4,-127,0
24,-124,0
0,-121,1
2,-96,0
0,-128,64
2,-224,66
72,-124,0
32,-120,8
0,-64,0
4,-124,0
4,-128,0
16,-76,96
0,-127,84
0,-124,0
2,-128,24
18,-128,0
64,-95,0
0,-110,0
128,-128,0
128,-108,0
128,-128,68
65,-108,8
32,-128,80
0,-128,0
16,-96,24
1,-108,7
18,-120,0
0,-106,4
2,-128,48
32,-128,0
0,-128,64
36,-128,64
8,-127,80
129,-206,0
40,-128,0
0,-64,64
16,-126,8
0,-127,0
1,-256,0
64,-126,2
4,-128,64
0,-127,0
128,-128,32
24,-124,0
8,-128,64
0,-128,72
0,-127,16
0,-124,0
18,-128,3
32,-120,65
0,-128,2
0,-100,1
152,-124,64
0,-128,64
33,-127,64
28,-80,0
0,-128,0
40,-120,80
0,-126,96
132,-112,4
141,-128,12
2,-108,72
32,-120,48
2,-128,0
0,-124,0
0,-128,2
1,-128,16
96,-120,96
64,-128,64
33,-124,70
81,-122,0
72,-112,0
9,-128,5
1,-128,0
0,-124,0
2,-224,0
0,-126,3
128,-126,102
0,-72,1
0,-128,20
4,-224,0
2,-112,0
128,-128,64
0,-128,1
0,-128,96
0,-126,0
0,-116,0
1,-119,81
0,-128,34
0,-128,0
9,-128,2
0,-125,0
36,-128,8
160,-94,64
2,-128,0
128,-120,98
32,-112,0
0,-120,40
36,-124,24
136,-126,1
0,-128,0
16,-128,0
0,-128,64
128,-88,2
0,-128,0
36,-128,48
4,-128,0
128,-120,0
3,-96,18
128,-121,0
0,-128,4
0,-126,0
40,-128,72
24,-126,68
128,-127,64
32,-126,66
2,-124,16
0,-95,0
65,-112,72
0,-128,4
0,-256,64
160,-95,80
16,-126,2
0,-208,0
16,-128,28
0,-124,19
3,-128,8
1,-112,0
0,-120,0
0,-94,64
4,-112,0
1,-123,4
12,-128,4
12,-128,0
16,-96,6
18,-128,0
12,-124,64
66,-124,13
2,-128,16
64,-124,0
0,-128,56
1,-96,0
0,-128,16
20,-128,8
0,-128,0
32,-128,32
17,-248,24
0,-122,0
98,-127,64
32,-124,72
6,-96,37
161,-128,0
0,-128,0
4,-126,0
0,-128,8
4,-112,70
16,-128,0
2,-128,0
0,-128,0
0,-128,0
8,-128,33
48,-128,0
0,-96,64
66,-128,32
2,-128,72
0,-256,0
8,-256,80
88,-64,9
0,-128,1
0,-128,64
0,-126,0
6,-128,58
12,-128,76
100,-128,0
0,-96,80
0,-128,64
160,0,13
49,132,30
43,8,49
128,6,0
160,0,104
146,69,8
55,130,33
50,2,65
9,-54,93
67,-206,66
0,-256,32
49,-128,84
16,-112,33
160,-82,66
129,-127,72
64,-128,64
2,-127,34
32,-126,68
0,-95,18
32,-100,2
17,-126,28
5,-128,0
6,-90,0
132,-128,0
166,-119,70
48,-127,82
10,-112,65
116,-119,80
150,-192,66
19,-117,98
99,-113,84
7,-127,64
141,-108,73
32,-120,64
140,-124,44
18,-106,60
112,-112,65
130,-63,80
144,-126,32
114,-116,96
129,-128,80
130,-95,108
133,-128,64
1,-96,64
24,-94,32
0,-94,1
32,-126,49
32,-111,35
128,-76,0
88,-126,67
20,-111,64
17,-64,96
6,-104,68
128,-128,111
132,-112,16
131,-128,102
0,-120,8
1,-128,8
136,-123,70
74,-124,129
0,-128,96
168,-127,1
3,-120,0
96,-224,12
16,-126,1
1,-95,53
3,-96,64
129,-127,37
32,-110,66
168,-121,1
132,-189,65
128,-128,72
32,-127,112
129,-80,96
9,-119,96
64,-128,14
0,-152,125
10,-245,66
16,-218,68
13,-100,0
47,-96,102
17,-106,96
116,-112,1
102,-108,20
153,-104,68
128,-125,38
133,-94,72
24,-128,64
96,-103,16
13,-94,96
128,-92,67
132,-80,0
76,-86,64
161,-125,4
6,-128,0
131,-126,0
48,-128,84
17,-120,116
97,-128,0
104,-96,0
0,-112,40
131,-86,82
129,-110,4
86,-127,108
73,-120,76
16,-122,65
32,-120,44
10,-112,48
2,-92,8
128,-64,9
36,-92,24
116,-88,25
128,-95,80
32,-111,97
0,-128,8
161,-96,17
0,-116,56
0,-126,68
64,-126,96
4,-128,34
96,-112,98
73,-80,78
98,-107,0
9,-104,80
128,-127,33
66,-87,82
4,-110,104
0,-224,112
65,-120,99
32,-120,4
106,-126,36
22,-100,75
103,-119,17
40,-128,64
20,-218,84
128,-127,80
4,-128,2
16,-95,64
4,-126,96
1,-128,126
86,-120,64
20,-119,64
8,-92,16
144,-101,0
88,-128,96
130,-120,66
114,-128,16
8,-125,66
24,-76,4
69,-86,97
49,-116,65
140,-96,66
9,-128,83
0,-256,64
20,-123,6
32,-96,4
128,-88,28
0,-224,32
4,-126,75
113,-128,2
32,-111,16
33,-80,39
16,-116,65
40,-103,16
70,-127,48
129,-111,76
128,-79,80
129,-60,12
64,-94,85
137,-91,0
132,-126,41
80,-127,80
112,-123,52
128,-102,2
65,-219,55
1,-224,8
18,-94,64
24,-122,69
107,-250,89
0,-96,34
80,-126,1
80,-128,96
72,-111,116
1,-128,64
66,-230,4
70,-92,137
2,-80,49
6,-122,4
161,-91,52
128,-120,0
34,-124,33
40,-203,42
4,-231,66
132,-112,64
0,-120,69
9,-111,74
113,-128,2
0,-119,36
2,-70,24
64,-89,12
96,-127,6
128,-94,77
20,-126,88
8,-116,64
148,-92,7
66,-90,11
132,-127,0
22,-112,64
4,-112,0
0,-78,129
33,-80,0
0,-119,72
32,-99,128
16,-124,32
130,-124,47
82,-124,1
104,-214,6
40,-88,66
73,-92,19
7,-112,44
173,-126,25
144,-79,64
65,-122,6
22,-128,75
136,-90,5
130,-188,0
135,-111,100
1,-74,64
2,-111,0
0,-115,130
57,-128,1
0,-86,7
116,-94,0
80,-56,32
8,-120,0
0,-92,33
163,-59,68
14,-96,115
128,-128,16
12,-96,65
66,-223,64
64,-96,66
4,-123,109
2,-112,10
2,-112,22
40,-236,66
65,-127,97
0,-126,81
130,-127,6
156,-217,32
68,-128,0
9,-120,2
25,-124,4
1,-96,98
67,-124,0
12,-86,36
4,-128,0
101,-96,26
144,-128,48
128,-98,0
120,-96,12
65,-121,12
34,-110,29
18,-127,48
72,-128,72
128,-127,66
8,-128,80
45,-80,74
70,-94,32
0,-120,68
24,-104,65
80,-115,80
83,-64,0
32,-103,64
134,-96,52
160,-116,34
114,-222,67
6,-124,0
40,-92,96
0,-120,64
162,-127,66
164,-124,64
160,-124,82
24,-78,2
48,-94,96
74,-108,128
70,-109,68
16,-68,96
97,-192,129
1,-240,72
0,-112,16
75,-125,68
0,-128,66
150,-124,72
13,-126,100
37,-112,76
40,-70,5
88,-124,12
13,-117,64
68,-92,88
78,-108,96
129,-112,72
128,-120,82
25,-191,64
11,-60,49
168,-106,67
0,-108,35
64,-127,130
36,-248,78
20,-128,2
72,-113,2
160,-88,20
128,-128,0
84,-144,10
0,-212,10
68,-247,0
66,-248,65
1,-112,74
12,-111,48
128,-84,32
168,-102,66
0,-232,16
8,-102,4
102,-116,97
136,-124,1
154,-117,0
5,-212,66
144,-120,2
104,-96,77
26,-96,96
68,-127,5
2,-105,80
0,-110,8
11,-79,0
0,-94,23
148,-120,25
130,-96,18
98,-216,64
83,-91,22
0,-119,116
128,-122,76
128,-96,5
8,-79,1
67,-120,132
130,-192,2
16,-128,10
138,-120,64
3,-108,74
137,-64,0
128,-79,0
9,-124,18
81,-126,104
0,-88,97
138,-105,64
56,-92,76
102,-199,68
99,-108,46
8,-108,33
74,-125,65
4,-128,0
138,-126,32
16,-128,68
0,-92,64
141,-96,1
108,-95,80
24,-125,67
44,-120,72
25,-115,92
2,-62,0
112,-109,73
56,-112,104
80,-76,82
10,-118,65
10,-120,49
129,-128,1
64,-96,68
0,-63,80
32,-124,44
128,-110,80
128,-123,8
144,-116,66
64,-96,8
36,-126,40
140,-220,48
3,-128,9
68,-120,69
0,-84,17
0,-128,33
31,-94,1
40,-123,64
132,-128,64
48,-126,74
160,-120,80
128,-128,77
134,-128,48
0,-122,19
148,-110,9
40,-95,10
96,-96,1
1,-128,128
66,-111,1
1,-126,0
17,-125,0
25,-119,86
32,-111,0
146,-124,80
84,-96,76
104,-112,102
102,-184,56
64,-127,36
128,-56,96
34,-126,2
5,-128,67
34,-128,66
64,-114,80
40,-103,0
136,-128,72
54,-185,1
100,-94,0
109,-64,69
145,-123,16
128,-128,14
77,-256,65
67,-120,67
146,-126,68
128,-128,76
146,-89,65
64,-124,34
34,-104,11
138,-113,20
77,-96,32
66,-107,64
71,-126,33
144,-84,104
3,-124,93
137,-127,99
133,-128,88
20,-72,4
40,-110,6
136,-118,5
40,-123,85
144,-63,26
116,-64,128
112,-103,82
0,-124,16
152,-124,8
17,-96,80
24,-118,96
6,-84,9
2,-123,65
0,-86,8
0,-104,9
80,-126,0
68,-96,66
140,-70,68
143,-95,48
66,-108,24
53,-47,1
4,-63,33
3,-96,4
128,-110,74
0,-128,64
13,-126,0
32,-127,65
6,-128,0
17,-127,64
70,-128,68
72,-123,105
4,-96,89
88,-254,82
65,-113,128
0,-208,10
66,-185,0
160,-96,0
0,-96,96
8,-126,64
101,-118,64
162,-112,97
79,-120,76
34,-94,0
70,-127,2
88,-110,104
73,-120,8
32,-112,83
4,-47,72
0,-121,97
160,-116,28
72,-88,72
4,-219,1
80,-126,18
0,-128,16
0,-208,65
134,-88,66
172,-128,9
38,-112,17
32,-95,70
136,-104,0
129,-96,70
2,-116,78
138,-192,1
16,-94,32
11,-111,50
0,-102,0
5,-96,2
68,-124,4
68,-96,99
70,-101,0
0,-127,96
40,-128,0
74,-220,20
16,-120,65
64,-126,80
49,-128,97
80,-128,72
128,-127,32
128,-96,14
83,-96,1
1,-118,36
132,-124,33
36,-128,64
100,-128,3
1,-112,55
0,-127,84
4,-224,4
2,-216,74
16,-127,96
19,-128,13
36,-109,0
2,-124,64
130,-64,64
128,-126,81
36,-92,97
64,-115,96
64,-126,113
53,-64,56
136,-62,65
20,-96,74
162,-68,36
128,-88,48
24,-208,67
42,-72,2
10,-128,4
12,-239,0
84,-127,97
0,-94,32
138,-84,84
8,-96,67
96,-125,24
0,-76,67
40,-128,75
65,-72,64
68,-172,0
0,-127,67
9,-95,60
68,-110,98
154,-128,24
49,-128,0
166,-108,5
21,-126,29
64,-112,5
134,-95,76
16,-110,64
106,-64,118
16,-68,0
0,-122,64
16,-77,80
16,-128,96
18,-120,64
32,-104,97
4,-214,18
89,-79,16
3,-75,22
1,-95,20
96,-111,16
10,-52,96
128,-96,1
6,-96,97
1,-127,104
0,-126,64
96,-95,32
2,-120,1
21,-112,2
132,-200,130
68,-123,36
148,-116,16
72,-123,28
110,-122,16
132,-117,80
0,-88,32
0,-110,98
11,-96,2
16,-125,72
130,-122,97
111,-128,106
66,-91,8
128,-124,10
129,-128,32
144,-127,32
49,-96,64
0,-95,4
64,-95,66
137,-86,52
128,-108,77
0,-64,100
36,-126,70
45,-104,65
52,-96,56
131,-122,73
96,-120,48
8,-120,1
76,-116,10
68,-212,26
104,-124,80
64,-110,3
16,-124,4
30,-96,33
30,-76,36
32,-127,20
108,-127,65
128,-128,65
132,-92,66
1,-104,90
65,-110,8
0,-120,32
134,-102,67
168,-128,66
51,-64,18
64,-112,4
0,-104,24
129,-124,0
105,-123,16
139,-126,82
4,-80,64
64,-93,22
136,-91,64
128,-116,0
0,-110,65
113,-116,81
24,-128,4
1,-112,82
6,-125,36
91,-118,51
20,-120,12
25,-109,68
18,-79,64
50,-124,73
10,-120,73
46,-80,50
67,-99,71
5,-124,68
101,-127,47
81,-112,64
144,-127,26
40,-123,1
3,-51,8
48,-128,8
6,-86,105
152,-123,88
4,-120,0
107,-120,0
0,-104,30
0,-224,0
0,-120,39
20,-123,112
96,-120,0
128,-72,46
0,-125,0
96,-127,37
24,-256,68
80,-254,100
55,-86,68
2,-127,12
0,-128,17
9,-112,80
6,-112,57
0,-91,16
133,-74,4
34,-127,40
98,-104,17
36,-88,64
128,-110,4
16,-248,44
128,-96,80
1,-244,4
34,-128,0
147,-111,77
106,-128,0
6,-112,0
2,-208,1
9,-104,128
3,-124,132
104,-124,2
8,-128,24
140,-96,0
100,-116,0
0,-127,86
96,-122,114
66,-203,80
76,-95,68
88,-120,28
134,-124,1
68,-96,6
145,-119,1
132,-110,12
32,-128,69
89,-96,84
25,-128,72
128,-118,84
79,-111,82
16,-94,16
4,-108,74
2,-112,64
50,-118,108
128,-62,3
2,-112,107
100,-112,72
68,-80,107
41,-95,2
8,-125,26
128,-121,24
10,-104,85
97,-95,16
70,-128,81
136,-94,80
140,-114,18
64,-128,16
0,-123,52
33,-184,80
2,-88,68
4,-128,41
4,-128,1
128,-124,84
141,-94,55
134,-110,16
0,-128,65
16,-212,80
96,-127,65
36,-119,8
67,-126,64
98,-126,49
80,-96,72
72,-120,80
0,-122,42
136,-128,17
132,-128,48
0,-128,6
96,-124,0
4,-120,88
41,-85,24
100,-124,0
80,-87,64
17,-56,74
136,-104,65
0,-96,32
97,-110,0
82,-84,2
36,-127,64
1,-248,106
10,-110,60
86,-126,3
5,-115,0
0,-92,3
33,-112,66
64,-97,64
9,-104,96
4,-128,13
128,-123,83
80,-119,86
12,-205,1
128,-183,50
8,-210,2
138,-126,2
8,-220,64
80,-126,64
17,-79,85
2,-110,17
136,-112,56
128,-126,32
41,-96,37
144,-192,112
10,-122,64
2,-112,10
84,-124,40
64,-106,105
135,-128,0
128,-64,49
148,-120,6
16,-84,0
65,-100,2
8,-127,68
36,-121,28
2,-127,102
131,-128,10
160,-126,34
10,-95,3
128,-96,16
128,-64,76
144,-128,13
72,-116,98
33,-122,16
94,-105,89
12,-112,12
2,-126,70
105,-112,96
131,-128,64
140,-127,80
128,-127,32
3,-110,72
129,-120,17
132,-92,28
2,-87,64
8,-126,80
2,-104,2
148,-87,64
36,-128,40
128,-104,32
129,-89,69
16,-110,36
88,-92,39
160,-127,32
131,-120,4
0,-128,66
0,-119,136
93,-126,24
87,-91,2
128,-110,77
119,-120,39
32,-206,65
96,-128,96
2,-127,16
4,-222,0
72,-118,9
68,-88,101
96,-120,8
22,-88,80
128,-110,80
68,-126,64
1,-128,2
11,-128,12
4,-94,83
158,-118,72
25,-180,64
101,-128,32
76,-128,84
98,-111,43
98,-125,64
48,-112,98
8,-119,32
96,-128,0
164,-52,98
148,-128,68
106,-102,10
24,-221,2
22,-128,0
25,-95,72
129,-108,114
8,-93,128
0,-96,0
33,-124,65
20,-127,65
36,-116,112
0,-112,0
80,-119,4
17,-184,100
4,-186,80
2,-124,65
104,-224,1
144,-122,4
130,-94,0
2,-127,54
69,-86,4
152,-60,127
137,-66,82
131,-119,68
128,-128,6
96,-112,72
113,-127,66
153,-96,76
68,-109,0
36,-106,68
130,-123,80
34,-112,66
35,-120,74
72,-222,74
2,-126,18
4,-176,100
76,-96,85
6,-128,34
129,-96,68
0,-128,65
32,-94,64
104,-128,16
64,-124,98
104,-104,78
141,-198,4
2,-112,66
132,-118,0
156,-247,68
74,-104,44
4,-124,50
4,-125,64
40,-108,37
129,-48,64
128,-55,17
32,-55,82
128,-126,18
42,-128,48
0,-119,22
12,-123,48
84,-128,72
0,-127,64
32,-224,32
144,-192,76
129,-94,0
137,-87,96
152,-197,2
19,-120,68
2,-80,4
64,-125,66
78,-117,42
80,-127,81
80,-128,112
132,-64,64
128,-216,64
2,-216,42
108,-126,1
17,-108,105
134,-128,66
75,-96,89
9,-125,99
32,-98,5
130,-93,26
4,-110,19
23,-127,100
132,-100,57
0,-112,74
100,-128,64
4,-108,14
81,-124,12
34,-120,65
30,-126,73
24,-96,48
16,-103,0
20,-94,80
54,-124,66
32,-119,68
4,-118,3
72,-124,1
136,-216,0
129,-128,68
66,-128,14
102,-104,40
128,-64,90
1,-126,64
64,-100,68
9,-120,98
64,-109,72
97,-96,96
32,-125,130
134,-128,75
128,-118,0
70,-120,0
64,-128,97
40,-112,104
17,-78,5
53,-127,100
4,-107,66
111,-127,129
2,-248,28
5,-125,64
1,-78,8
24,-124,8
137,-254,8
67,-128,81
62,-123,98
53,-110,12
8,-246,4
128,-111,12
17,-128,34
16,-229,64
0,-92,114
66,-94,32
3,-118,69
2,-80,110
18,-128,2
33,-124,72
54,-101,68
16,-127,2
68,-126,137
82,-84,1
0,-112,82
160,-117,90
17,-125,110
8,-126,116
19,-124,2
18,-87,80
133,-112,64
129,-71,78
18,-128,64
8,-127,8
133,-61,142
184,-61,75
111,-109,87
118,-71,118
141,-86,91
186,-41,116
99,-69,111
194,-69,60
117,-86,58
69,-84,98
157,-86,72
96,-111,65
109,-134,71
128,-89,79
102,-103,80
102,-108,89
90,-51,130
141,-42,108
169,-59,105
175,-32,91
163,-59,90
154,-123,65
76,-138,109
133,-63,114
108,-89,86
113,-72,121
94,-99,105
104,-121,126
159,-81,116
135,-97,90
125,-124,111
162,-89,64
177,-92,65
123,-88,115
129,-115,47
154,-53,86
91,-122,81
167,-127,47
129,-80,113
119,-65,111
132,-50,119
154,-65,122
155,-42,92
156,-59,118
143,-79,77
141,-72,61
134,-88,104
211,-60,100
90,-78,72
136,-130,104
174,-91,94
104,-102,115
105,-113,124
132,-113,101
145,-66,25
129,-60,60
74,-60,107
134,-123,112
169,-100,81
104,-94,125
194,-32,103
156,-100,69
86,-90,126
160,-63,98
192,-93,119
144,-129,60
64,-121,67
79,-112,131
115,-83,117
113,-108,72
139,-132,95
124,-89,106
131,-87,169
156,-46,89
136,-49,71
166,-45,135
110,-77,147
104,-123,94
121,-109,61
174,-57,92
103,-83,113
97,-83,149
149,-88,112
124,-70,98
138,-41,98
135,-33,75
67,-56,118
92,-102,118
107,-113,98
80,-122,126
164,-77,89
177,-75,106
112,-70,43
152,-47,127
116,-118,92
118,-114,68
129,-117,56
136,-121,127
151,-103,88
162,-104,47
131,-107,40
94,-116,87
103,-111,122
132,-64,132
122,-63,145
157,-107,93
148,-88,84
69,-89,114
66,-124,114
57,-100,133
102,-69,128
145,-97,110
108,-79,67
146,-72,76
143,-88,80
179,-83,70
164,-123,60
103,-86,98
96,-85,147
127,-43,90
158,-88,66
178,-122,54
169,-97,50
114,-82,106
139,-50,99
123,-82,79
100,-43,115
120,-57,131
142,-61,114
156,-74,118
119,-111,104
92,-94,103
100,-96,122
142,-65,69
75,-54,125
148,-38,134
176,-50,93
135,-70,82
100,-119,112
127,-66,130
124,-46,100
108,-65,104
121,-84,156
55,-119,95
74,-98,97
127,-165,41
179,-108,74
163,-107,26
172,-77,90
157,-85,71
165,-75,51
122,-105,89
83,-92,139
69,-61,149
110,-54,148
132,-82,63
139,-90,96
116,-90,103
103,-77,108
119,-79,130
180,-47,112
116,-83,135
102,-69,165
70,-84,133
60,-101,103
106,-84,83
68,-117,117
67,-103,138
79,-87,91
123,-95,53
175,-83,50
153,-62,78
111,-45,120
97,-41,150
81,-59,120
93,-69,96
111,-85,40
108,-73,123
115,-108,60
70,-90,88
159,-54,74
152,-129,98
136,-132,104
82,-101,90
95,-99,109
81,-104,87
138,-109,90
156,-111,61
157,-82,53
202,-75,72
121,-61,103
99,-71,113
41,-75,115
121,-29,152
109,-57,89
80,-125,71
60,-145,57
128,-106,73
175,-75,64
151,-51,84
129,-54,114
98,-111,110
121,-84,118
173,-84,43
140,-93,33
129,-89,80
152,-59,75
109,-92,137
137,-138,80
191,-83,67
156,-70,36
115,-104,50
124,-78,122
160,-56,118
130,-79,79
154,-66,124
80,-102,94
84,-37,96
125,-91,66
69,-85,121
130,-140,88
87,-114,106
122,-66,139
70,-85,128
126,-104,81
130,-90,94
141,-72,108
155,-94,79
140,-77,68
102,-108,65
79,-92,75
99,-122,80
93,-135,74
115,-78,46
149,-96,69
120,-118,102
66,-107,96
118,-70,126
157,-61,64
145,-100,130
95,-87,166
124,-69,146
134,-63,98
120,-91,89
158,-100,88
118,-70,109
138,-115,94
103,-63,59
146,-145,67
118,-82,100
102,-126,86
142,-73,104
124,-101,91
91,-98,90
135,-90,86
132,-92,50
97,-53,137
138,-58,154
103,-86,169
104,-106,110
152,-50,66
140,-102,162
72,-121,190
152,-101,101
88,-116,93
71,-71,108
114,-103,120
111,-103,43
135,-105,40
177,-75,108
193,-93,78
164,-79,94
141,-120,75
65,-101,54
99,-67,119
104,-98,116
79,-104,117
58,-105,144
62,-142,91
86,-108,109
77,-88,118
113,-66,133
147,-91,93
143,-102,117
133,-50,110
158,-47,105
165,-50,71
168,-101,72
201,-68,87
112,-118,130
58,-154,126
130,-82,113
196,-67,122
144,-122,96
119,-90,113
177,-70,86
140,-75,76
122,-81,131
133,-103,71
86,-95,88
140,-103,25
176,-86,85
69,-131,117
152,-56,111
168,-75,79
101,-107,120
134,-103,68
90,-98,48
101,-94,24
119,-102,93
99,-93,114
165,-98,121
176,-79,93
183,-95,62
109,-128,75
84,-104,117
197,-87,97
83,-85,110
140,-97,145
84,-102,147
104,-112,96
134,-117,94
118,-99,101
115,-81,108
89,-98,106
131,-100,107
128,-40,76
134,-46,83
121,-41,111
123,-47,104
100,-90,65
142,-72,62
133,-87,67
134,-98,50
97,-92,25
110,-72,115
153,-72,96
102,-116,86
107,-90,92
97,-87,96
117,-115,109
156,-61,114
129,-38,99
112,-122,57
93,-125,59
60,-87,107
120,-73,55
103,-94,122
82,-104,125
89,-82,133
124,-113,76
115,-94,101
103,-63,112
170,-71,129
119,-92,93
74,-91,85
164,-60,137
97,-95,90
140,-168,68
107,-129,153
85,-42,52
169,-44,115
108,-46,135
88,-69,99
124,-113,95
166,-103,53
141,-84,66
100,-79,89
118,-99,90
121,-74,104
113,-90,103
167,-65,122
130,-80,76
109,-90,97
192,-88,89
159,-50,106
127,-102,38
142,-55,127
122,-111,90
132,-70,33
123,-57,120
68,-66,123
52,-87,118
66,-113,141
77,-112,104
87,-101,67
128,-94,65
129,-39,128
86,-75,45
120,-82,127
116,-109,89
133,-73,57
135,-77,134
166,-76,92
139,-103,64
105,-95,97
122,-100,109
160,-58,83
180,-73,64
175,-54,69
114,-92,43
74,-117,104
121,-68,148
111,-44,145
100,-104,124
105,-88,69
108,-78,125
99,-82,136
87,-82,159
77,-92,151
128,-71,96
142,-51,59
134,-23,111
127,-88,99
89,-100,110
85,-106,92
110,-117,49
73,-118,79
118,-81,89
133,-107,104
102,-122,78
103,-111,89
114,-73,136
161,-85,88
99,-96,46
105,-75,102
158,-70,129
119,-63,161
184,-66,96
187,-67,58
186,-85,75
94,-52,46
185,-84,75
123,-105,95
138,-91,53
116,-56,108
115,-81,92
140,-73,75
162,-91,79
125,-122,85
129,-55,60
124,-66,90
158,-91,59
104,-64,149
130,-79,103
140,-114,106
79,-74,144
120,-46,123
86,-81,128
122,-91,95
135,-73,125
124,-89,90
119,-70,75
99,-46,102
143,-59,111
111,-81,86
76,-111,106
60,-80,126
144,-66,75
127,-101,122
125,-113,51
136,-79,115
182,-76,48
104,-73,117
159,-77,104
128,-119,93
73,-73,80
103,-118,70
113,-133,52
131,-55,107
161,-62,114
154,-90,137
175,-74,130
87,-75,125
82,-77,131
124,-50,81
173,-81,91
143,-107,97
180,-112,92
110,-139,62
102,-109,92
105,-70,110
112,-73,113
97,-98,130
116,-85,159
136,-48,120
110,-54,119
171,-33,56
75,-117,76
64,-60,111
89,-70,121
120,-61,140
190,-60,131
140,-80,100
115,-96,93
102,-69,75
114,-79,57
131,-61,56
127,-79,64
163,-40,101
148,-101,44
131,-61,115
127,-80,127
182,-61,88
87,-99,94
146,-57,86
143,-72,48
106,-101,69
91,-47,117
111,-75,147
155,-80,76
163,-66,103
127,-103,114
91,-130,62
135,-126,57
155,-70,95
147,-47,116
176,-73,69
134,-61,76
130,-122,89
87,-98,74
80,-54,119
105,-52,128
151,-102,112
147,-95,116
112,-70,101
88,-103,67
124,-89,83
168,-108,72
136,-131,49
97,-110,98
170,-66,63
125,-86,83
157,-56,80
131,-66,67
134,-77,86
134,-102,93
114,-129,100
142,-106,127
100,-127,88
127,-115,84
93,-105,125
114,-71,122
129,-82,128
163,-90,69
127,-70,118
110,-89,60
156,-77,107
154,-65,86
117,-103,76
121,-76,69
167,-64,60
164,-116,97
113,-89,122
129,-66,123
103,-92,79
154,-102,49
138,-100,48
166,-84,80
164,-95,66
111,-63,124
127,-102,104
124,-88,122
123,-93,102
94,-94,100
93,-108,148
118,-85,127
194,-35,62
197,-92,50
167,-111,54
122,-112,65
108,-61,97
74,-41,85
131,-57,106
120,-72,130
171,-105,96
142,-53,87
105,-52,73
120,-97,46
146,-72,67
127,-80,89
112,-107,94
120,-71,118
149,-111,65
96,-94,110
166,-84,59
180,-78,138
144,-62,121
108,-70,89
157,-62,110
142,-40,105
157,-43,104
150,-54,95
138,-91,136
121,-78,84
139,-143,79
137,-112,77
162,-83,78
200,-57,61
140,-68,134
83,-73,51
106,-77,111
107,-84,122
103,-75,94
86,-61,123
85,-78,109
111,-99,115
141,-128,66
123,-93,97
95,-58,87
147,-52,125
119,-70,157
111,-53,130
124,-111,85
162,-44,135
162,-75,100
170,-76,119
86,-74,95
82,-58,60
89,-66,90
128,-104,97
167,-71,57
175,-92,80
159,-84,86
99,-104,98
106,-84,132
131,-81,101
113,-79,94
89,-91,141
131,-51,100
184,-66,85
156,-85,64
127,-87,119
120,-96,156
101,-92,126
96,-102,104
115,-123,117
159,-96,55
159,-93,41
153,-39,102
134,-94,131
128,-73,109
184,-95,72
160,-86,78
147,-86,102
142,-39,79
95,-73,100
142,-88,95
129,-58,105
77,-63,107
113,-83,87
143,-86,133
109,-95,126
94,-94,101
132,-85,141
164,-101,64
92,-95,91
105,-79,125
176,-63,72
73,-59,86
157,-66,122
177,-71,138
156,-45,122
146,-44,75
142,-75,69
112,-104,122
169,-75,120
142,-126,51
138,-79,53
89,-117,73
88,-127,115
162,-30,85
112,-77,105
92,-68,108
159,-64,49
109,-70,81
147,-76,130
187,-53,87
174,-59,93
163,-55,126
108,-70,91
110,-48,131
177,-63,122
77,-113,101
90,-143,81
86,-145,87
146,-114,121
155,-51,105
69,-60,110
115,-93,120
142,-104,77
138,-79,71
91,-101,99
88,-98,79
75,-67,135
145,-57,126
155,-85,103
73,-104,79
121,-105,121
108,-72,145
151,-77,134
171,-105,110
119,-122,85
105,-126,90
89,-86,143
80,-78,139
109,-37,160
136,-71,149
122,-69,129
108,-60,92
67,-107,124
100,-99,122
95,-117,102
91,-115,74
158,-133,51
207,-95,88
162,-116,45
113,-74,60
129,-77,56
133,-94,37
81,-79,97
61,-102,98
131,-90,39
187,-91,45
157,-71,75
40,-87,92
161,-74,75
86,-121,104
124,-101,69
134,-122,62
143,-100,56
139,-84,74
101,-74,88
84,-87,98
124,-87,154
88,-97,107
117,-81,97
111,-87,92
106,-71,93
137,-112,78
123,-64,96
121,-109,68
88,-91,100
86,-92,90
118,-91,123
119,-60,110
145,-72,59
100,-63,79
85,-117,119
114,-101,99
177,-61,87
151,-64,84
146,-101,59
170,-45,93
174,-17,106
135,-92,125
104,-105,88
112,-100,67
124,-128,119
164,-83,92
144,-122,55
129,-101,81
157,-56,102
108,-74,129
87,-67,119
128,-82,119
149,-67,66
184,-42,108
160,-71,80
160,-66,100
120,-58,128
112,-46,144
125,-46,82
145,-64,93
190,-98,90
125,-70,76
104,-66,53
178,-79,110
136,-107,65
142,-57,95
150,-76,70
118,-103,69
153,-56,63
96,-70,142
153,-82,84
61,-92,56
89,-102,85
78,-137,92
87,-115,88
111,-105,77
149,-87,96
111,-81,65
76,-93,79
76,-94,125
61,-62,118
128,-50,129
73,-92,112
152,-58,79
155,-48,29
164,-110,63
98,-83,93
152,-92,122
190,-62,70
139,-65,105
137,-70,105
143,-105,54
116,-159,64
122,-131,77
136,-99,42
85,-115,55
119,-124,69
81,-59,97
116,-47,124
70,-95,145
75,-90,106
53,-86,110
105,-76,167
121,-81,137
140,-117,101
158,-78,85
110,-76,155
87,-88,135
126,-109,111
95,-74,83
165,-115,97
70,-104,112
170,-125,77
190,-88,58
159,-65,51
121,-90,44
132,-135,84
99,-145,83
128,-124,70
147,-135,65
138,-122,43
187,-99,67
123,-68,122
78,-96,132
68,-147,63
100,-106,97
136,-107,58
132,-42,114
162,-81,80
133,-88,107
97,-76,91
120,-59,103
149,-88,126
143,-91,115
170,-44,120
152,-83,37
157,-81,91
146,-41,131
203,-96,53
149,-141,78
132,-134,61
79,-110,133
89,-74,117
140,-95,83
156,-75,74
115,-64,113
135,-79,104
159,-78,59
124,-101,65
75,-110,80
96,-78,140
40,-109,77
84,-91,101
125,-66,86
88,-85,98
182,-60,101
128,-89,84
126,-80,91
128,-95,82
102,-79,67
110,-93,101
117,-104,65
127,-75,101
77,-89,101
137,-46,95
156,-111,100
83,-121,116
135,-57,134
105,-63,172
134,-95,74
168,-80,64
118,-89,107
97,-100,123
107,-101,118
155,-83,88
135,-39,63
108,-38,105
112,-47,89
160,-71,141
116,-139,62
130,-63,33
121,-102,117
114,-107,54
147,-81,112
114,-87,72
94,-88,106
147,-94,91
149,-81,68
140,-119,83
156,-125,91
99,-116,66
123,-92,128
155,-111,103
119,-57,87
120,-99,86
145,-70,112
209,-126,57
165,-80,123
140,-68,134
116,-70,119
149,-90,79
88,-102,69
99,-69,93
127,-88,84
124,-119,72
98,-118,100
151,-89,79
74,-68,118
187,-68,115
181,-84,79
188,-70,117
98,-118,95
98,-133,123
98,-112,127
93,-90,120
94,-73,139
80,-92,144
116,-95,146
133,-89,98
88,-79,103
131,-76,103
57,-124,150
119,-91,170
159,-49,62
162,-87,107
125,-87,49
158,-108,50
122,-112,70
94,-120,92
86,-112,91
92,-93,95
59,-107,82
88,-114,127
107,-100,99
173,-91,133
161,-65,89
100,-89,155
151,-83,117
194,-46,93
136,-99,88
76,-85,117
123,-95,87
112,-103,91
150,-80,100
112,-106,47
97,-89,95
146,-46,131
183,-55,67
130,-127,92
83,-97,154
180,-79,140
167,-79,57
105,-93,41
91,-59,135
113,-62,151
112,-57,142
128,-82,60
143,-98,103
102,-111,130
102,-107,72
183,-62,53
149,-84,32
140,-79,48
132,-94,82
106,-79,164
99,-96,124
121,-90,124
158,-71,104
138,-82,32
127,-63,97
134,-114,131
169,-73,101
158,-82,44
158,-102,82
144,-99,134
90,-84,148
125,-87,164
114,-93,115
141,-81,92
169,-116,80
134,-66,142
186,-55,120
180,-55,117
180,-79,83
130,-101,93
111,-97,87
133,-99,100
112,-106,113
96,-100,101
143,-40,66
182,-66,66
183,-113,113
147,-101,63
142,-55,25
145,-129,96
75,-107,125
159,-86,48
157,-88,27
136,-134,90
108,-89,125
112,-94,125
131,-98,63
91,-104,116
134,-112,97
171,-97,78
156,-96,77
101,-87,133
151,-86,43
145,-59,11
149,-58,109
112,-80,93
117,-85,95
141,-95,55
121,-80,43
109,-85,114
129,-77,139
148,-92,86
165,-65,27
111,-86,70
78,-71,103
184,-69,82
134,-93,125
99,-94,75
86,-116,114
99,-113,128
103,-106,129
167,-101,84
112,-90,115
111,-68,139
127,-85,83
116,-83,103
131,-61,117
162,-69,112
126,-93,130
125,-95,134
134,-91,73
191,-65,73
80,-109,93
48,-51,155
140,-44,112
177,-84,91
94,-92,80
91,-81,130
59,-75,162
89,-65,124
161,-60,84
151,-70,64
104,-90,127
79,-94,118
111,-92,131
107,-55,141
179,-99,71
178,-78,72
109,-98,108
85,-93,141
60,-73,126
61,-88,117
82,-82,123
83,-75,119
130,-79,116
109,-73,78
88,-108,59
163,-75,122
147,-71,96
156,-74,114
125,-92,71
85,-92,107
141,-105,67
178,-97,14
159,-97,72
130,-36,73
132,-74,78
66,-115,119
131,-74,86
162,-73,97
87,-107,95
136,-125,81
96,-117,87
137,-130,114
71,-85,90
88,-99,88
100,-125,127
89,-86,173
101,-90,70
151,-80,105
136,-93,117
130,-59,105
98,-54,103
60,-51,110
65,-68,60
104,-127,18
133,-95,78
196,-31,127
101,-67,136
111,-92,129
133,-113,88
143,-98,64
181,-115,63
174,-84,57
183,-60,43
149,-81,73
210,-74,132
156,-65,121
138,-44,118
144,-38,76
184,-66,83
192,-77,81
54,-88,163
179,-61,46
153,-92,23
200,-107,52
196,-89,83
121,-57,109
118,-58,132
176,-84,96
159,-103,42
130,-88,129
111,-76,151
91,-91,97
192,-76,76
150,-100,38
89,-82,81
202,-49,100
130,-125,75
46,-142,80
112,-92,75
96,-75,72
75,-107,99
139,-44,123
159,-92,84
125,-126,63
101,-108,53
151,-51,54
109,-141,43
159,-99,101
91,-88,115
155,-104,43
92,-61,129
140,-45,105
92,-110,97
106,-104,106
106,-102,76
82,-87,62
112,-76,109
174,-94,116
178,-101,95
207,-59,99
123,-126,77
92,-115,74
104,-89,129
101,-76,106
167,-48,79
182,-51,104
158,-46,114
104,-91,141
87,-59,77
73,-87,96
108,-143,115
191,-99,94
118,-51,126
110,-83,165
91,-129,168
70,-93,130
79,-97,104
109,-118,105
85,-91,71
175,-67,118
133,-125,95
86,-104,97
102,-77,150
158,-71,96
162,-51,96
135,-99,105
110,-72,126
139,-54,97
135,-75,138
96,-65,95
147,-57,76
120,-82,24
211,-31,123
149,-35,138
140,-82,130
113,-86,108
139,-93,103
135,-150,74
106,-125,68
145,-65,70
182,-84,59
85,-103,59
106,-100,107
184,-67,118
126,-96,105
165,-44,71
164,-106,84
119,-162,69
166,-154,81
180,-103,70
175,-98,34
166,-103,55
146,-54,92
136,-23,125
103,-49,162
50,-91,73
128,-123,54
182,-73,66
173,-62,100
153,-30,146
139,-41,115
89,-117,78
169,-81,81
169,-98,33
156,-54,81
118,-45,124
114,-68,90
145,-95,74
107,-67,56
151,-45,56
213,-90,93
113,-94,74
118,-114,88
106,-123,91
182,-58,70
77,-32,106
92,-80,76
114,-97,59
147,-123,71
112,-135,70
90,-126,122
158,-93,128
154,-116,82
126,-90,57
146,-43,113
150,-72,83
196,-33,107
238,-90,127
80,-146,84
141,-72,69
96,-76,93
84,-145,116
83,-93,105
116,-61,110
190,-75,52
173,-54,77
163,-74,71
125,-101,74
93,-112,69
132,-84,137
161,-86,132
161,-98,55
186,-93,118
94,-77,121
55,-85,94
64,-84,160
99,-105,49
158,-88,52
142,-111,78
156,-114,39
155,-107,106
109,-88,48
95,-92,27
77,-92,110
142,-72,65
196,-119,108
155,-87,23
110,-138,69
146,-82,74
102,-98,143
129,-84,122
125,-135,77
98,-150,103
70,-103,135
75,-79,131
100,-79,108
132,-72,29
136,-67,52
91,-116,146
98,-97,133
141,-46,93
100,-96,88
128,-61,109
124,-89,78
116,-83,86
105,-94,128
80,-82,126
116,-84,88
116,-109,97
90,-82,111
138,-76,122
112,-103,98
172,-81,82
111,-88,126
161,-78,112
122,-83,55
193,-62,58
123,-63,123
59,-107,106
158,-74,84
114,-95,79
98,-84,77
147,-84,83
143,-122,79
159,-80,50
144,-63,34
160,-51,62
93,-115,118
99,-107,91
138,-99,111
163,-85,93
90,-110,78
134,-76,61
127,-71,87
124,-62,120
85,-96,119
149,-74,73
135,-105,43
101,-120,124
101,-96,128
156,-70,111
104,-57,123
91,-86,119
119,-147,119
206,-96,82
111,-48,119
203,-53,90
169,-80,65
118,-85,110
115,-67,128
134,-67,98
139,-68,105
75,-63,66
103,-95,73
115,-80,124
127,-60,145
93,-68,91
103,-142,90
76,-129,82
92,-92,127
164,-105,106
135,-121,60
86,-119,102
120,-123,106
136,-82,86
151,-73,83
136,-90,61
111,-115,91
113,-67,121
135,-39,170
121,-37,111
68,-84,157
142,-77,109
121,-57,92
180,-61,94
112,-123,107
147,-132,101
157,-64,87
118,-94,102
95,-73,90
165,-117,107
119,-102,65
99,-105,97
139,-112,58
184,-74,59
163,-125,46
76,-100,91
105,-124,88
110,-91,110
122,-94,133
144,-93,151
107,-72,115
105,-47,117
169,-57,119
95,-88,91
85,-89,105
134,-78,98
177,-90,73
121,-73,103
133,-75,147
173,-32,121
162,-25,136
145,-66,68
122,-89,98
166,-71,105
96,-51,70
90,-61,111
98,-71,113
167,-66,49
154,-105,100
119,-93,151
153,-44,82
147,-56,52
119,-67,141
159,-26,89
157,-70,82
158,-108,88
164,-92,79
142,-80,63
70,-87,95
103,-76,148
158,-77,135
137,-85,108
161,-93,100
129,-99,56
119,-100,61
142,-99,62
101,-79,112
178,-51,71
163,-22,111
162,-72,110
136,-124,83
114,-88,100
131,-87,147
139,-86,113
167,-111,67
115,-123,65
120,-79,146
140,-55,116
106,-81,94
146,-110,73
169,-93,95
105,-125,46
88,-86,65
158,-55,42
163,-57,99
120,-81,82
84,-108,64
59,-76,85
142,-56,97
138,-68,61
116,-93,127
138,-67,76
110,-118,103
143,-89,80
71,-53,91
87,-132,135
95,-87,122
156,-70,91
119,-104,95
73,-106,85
77,-92,90
101,-73,112
121,-107,127
112,-102,116
106,-77,110
154,-55,99
169,-65,91
190,-92,62
191,-60,53
194,-60,97
132,-79,40
149,-132,28
102,-109,114
138,-76,136
146,-115,92
117,-122,89
127,-97,60
121,-92,75
95,-107,68
149,-120,22
147,-88,47
92,-100,130
91,-119,84
164,-96,55
195,-76,73
197,-59,89
111,-95,123
102,-102,70
127,-101,113
108,-121,102
132,-116,100
163,-112,115
128,-102,71
76,-124,83
92,-116,103
68,-104,80
49,-125,78
95,-106,82
125,-140,69
127,-86,128
151,-78,59
132,-102,105
129,-89,98
109,-90,86
104,-98,148
169,-87,129
177,-105,95
89,-59,115
135,-86,99
126,-100,49
83,-77,163
158,-57,53
44,-133,68
146,-111,65
108,-59,113
140,-97,67
76,-142,79
98,-107,130
150,-57,90
173,-89,85
124,-86,127
111,-75,105
113,-82,107
66,-115,108
66,-105,33
133,-90,53
94,-78,89
156,-77,61
118,-88,83
107,-115,50
114,-93,88
129,-84,92
130,-67,100
172,-43,72
140,-74,89
154,-98,75
129,-71,84
126,-65,104
173,-84,98
109,-106,87
102,-97,143
174,-58,104
78,-68,122
99,-79,95
161,-75,47
150,-66,95
108,-57,91
100,-85,86
148,-115,94
177,-87,101
131,-90,61
99,-86,86
97,-83,113
134,-109,78
159,-85,92
166,-115,67
137,-56,149
155,-46,95
108,-113,101
81,-99,72
153,-64,70
175,-72,77
170,-42,88
151,-84,113
66,-69,98
90,-89,59
179,-78,81
105,-102,125
135,-83,41
76,-100,46
75,-129,80
123,-70,53
134,-89,59
138,-94,112
80,-88,114
77,-54,141
130,-52,118
166,-99,136
78,-112,111
107,-58,120
135,-66,46
76,-106,35
128,-119,39
88,-127,93
88,-115,98
90,-101,79
170,-110,51
102,-69,63
162,-81,79
157,-105,72
142,-89,130
125,-90,85
66,-74,87
113,-90,111
177,-94,76
73,-54,95
106,-86,127
164,-67,62
128,-102,87
176,-57,79
187,-104,58
92,-109,101
112,-16,129
129,-97,143
116,-113,105
129,-89,137
87,-115,66
78,-107,119
105,-110,142
159,-80,66
147,-70,141
103,-80,114
122,-124,83
92,-99,163
132,-64,123
139,-118,82
97,-116,130
74,-100,84
145,-93,47
147,-73,61
140,-73,132
93,-82,109
110,-69,151
97,-129,117
169,-108,70
173,-115,73
116,-97,90
131,-99,80
147,-151,75
94,-81,108
151,-50,119
159,-65,112
138,-46,64
124,-86,58
155,-85,46
118,-102,96
153,-106,112
145,-87,127
81,-72,133
103,-125,55
151,-76,57
114,-100,101
74,-105,111
83,-73,97
69,-55,154
87,-55,143
94,-70,110
102,-124,89
157,-85,99
136,-79,126
132,-83,85
135,-86,113
175,-50,103
67,-108,131
78,-137,94
81,-72,140
117,-57,168
121,-59,105
122,-94,55
68,-104,94
87,-91,134
96,-69,126
153,-53,84
181,-79,83
138,-115,69
108,-144,82
99,-108,69
130,-63,146
145,-87,133
134,-89,167
102,-100,85
115,-100,69
146,-80,61
162,-83,112
155,-68,116
90,-57,116
70,-57,138
111,-70,119
79,-91,120
117,-105,26
165,-80,82
90,-123,115
166,-91,86
179,-117,50
184,-85,80
118,-57,108
152,-120,114
151,-134,64
153,-67,8
214,-49,18
146,-46,99
160,-76,107
136,-86,113
108,-130,55
126,-120,24
137,-139,82
111,-60,119
138,-35,97
135,-64,164
157,-74,138
163,-70,103
124,-117,73
177,-94,46
185,-76,75
142,-53,124
87,-94,112
107,-136,103
98,-105,94
103,-80,100
173,-126,93
165,-83,80
131,-68,109
120,-58,85
130,-102,102
121,-75,109
136,-68,138
108,-69,89
168,-79,73
131,-73,81
159,-94,34
158,-81,97
116,-92,97
152,-62,85
171,-48,75
129,-117,37
86,-94,103
132,-87,77
72,-131,90
124,-102,113
154,-74,73
141,-120,104
118,-99,128
136,-98,62
148,-74,120
154,-72,88
66,-45,82
104,-89,54
72,-106,123
130,-93,149
141,-84,148
131,-80,143
165,-73,70
151,-112,114
112,-139,155
105,-103,154
148,-75,95
166,-94,96
151,-63,105
156,-100,41
172,-118,59
186,-69,73
129,-60,133
89,-116,103
169,-79,124
119,-87,87
57,-71,60
118,-73,66
110,-96,96
108,-103,97
108,-114,123
131,-93,87
202,-92,51
147,-65,101
117,-101,96
161,-89,68
73,-102,92
80,-144,108
109,-104,88
144,-97,51
109,-108,94
87,-77,126
75,-90,118
48,-87,58
101,-107,111
178,-106,108
178,-68,75
126,-26,103
142,-64,72
153,-85,83
143,-62,103
164,-47,92
152,-63,72
117,-64,102
181,-53,130
122,-103,67
106,-94,72
151,-47,98
159,-87,47
127,-106,58
111,-74,92
176,-48,98
179,-80,110
189,-71,134
143,-74,120
72,-119,163
156,-60,129
143,-75,64
139,-79,106
133,-82,69
114,-112,85
87,-104,110
59,-70,116
81,-98,106
111,-116,114
153,-112,51
160,-102,24
150,-61,78
123,-49,112
119,-136,141
105,-83,146
76,-77,99
98,-101,117
136,-87,137
119,-55,130
160,-43,110
199,-68,91
148,-90,71
132,-100,90
135,-81,81
154,-78,60
180,-70,84
185,-73,90
195,-59,93
134,-62,136
62,-64,142
108,-42,61
154,-102,64
76,-116,69
55,-74,127
99,-67,171
135,-75,178
98,-113,115
109,-105,24
146,-118,71
107,-85,97
175,-81,77
102,-81,142
147,-47,93
159,-50,76
154,-54,52
180,-117,103
159,-128,84
94,-120,34
87,-98,59
159,-119,94
185,-82,85
157,-115,150
162,-109,36
182,-66,50
170,-88,80
194,-59,94
77,-73,123
92,-87,90
89,-66,112
104,-77,117
120,-81,123
141,-48,73
177,-87,47
115,-88,35
93,-76,70
93,-65,115
96,-82,160
142,-85,94
141,-83,65
119,-108,34
109,-136,35
121,-107,103
121,-85,157
76,-112,112
91,-80,106
140,-123,121
173,-96,111
137,-72,140
66,-106,117
111,-98,58
97,-123,91
159,-68,47
65,-91,108
98,-116,129
135,-68,121
191,-69,111
133,-110,109
123,-99,60
109,-99,76
147,-86,89
153,-99,65
112,-98,125
66,-113,98
170,-94,83
149,-61,78
100,-102,127
87,-108,147
119,-115,135
68,-102,123
88,-47,133
138,-52,74
131,-132,60
105,-111,93
133,-19,116
162,-36,106
159,-55,123
179,-53,93
161,-78,52
160,-90,36
154,-96,49
115,-111,34
126,-77,127
131,-109,57
137,-68,118
92,-82,128
165,-64,98
81,-45,73
78,-68,111
139,-81,100
165,-75,87
173,-109,100
118,-87,60
100,-102,77
106,-82,142
170,-77,109
138,-111,77
196,-50,139
192,-59,90
135,-88,61
98,-86,43
68,-80,151
87,-69,146
124,-54,104
113,-71,92
104,-49,109
140,-92,80
83,-119,70
108,-116,103
100,-102,114
110,-74,117
97,-107,83
107,-110,62
83,-66,156
139,-85,117
114,-78,72
158,-38,99
157,-126,110
120,-77,91
132,-75,72
104,-118,68
159,-87,66
170,-74,114
161,-98,49
120,-70,141
143,-75,89
125,-87,114
143,-88,77
133,-78,86
115,-57,113
117,-58,46
119,-92,71
74,-109,130
120,-88,68
142,-56,135
121,-81,105
99,-83,66
150,-40,69
102,-100,75
111,-103,77
94,-77,142
109,-68,129
89,-95,127
108,-131,87
146,-102,76
142,-87,111
139,-93,162
140,-49,130
123,-44,123
133,-64,129
107,-63,140
37,-88,95
98,-93,100
174,-71,109
117,-91,103
171,-96,86
78,-105,64
132,-117,62
124,-83,95
91,-88,125
109,-98,110
188,-73,109
137,-71,79
106,-84,86
158,-117,56
171,-76,52
65,-84,97
120,-96,70
147,-92,104
123,-30,87
179,-51,88
133,-97,85
79,-133,77
107,-89,83
119,-105,154
124,-100,132
144,-87,75
161,-84,90
213,-80,106
222,-74,66
173,-72,46
74,-101,28
179,-81,80
107,-109,107
108,-111,90
112,-72,124
84,-75,122
95,-88,93
142,-88,119
193,-77,105
133,-104,57
69,-108,72
83,-64,96
203,-76,54
182,-67,105
87,-81,62
104,-106,156
153,-63,95
130,-50,87
124,-75,93
148,-92,99
121,-69,156
71,-69,135
93,-84,89
186,-103,65
170,-89,18
154,-67,70
136,-63,68
117,-124,34
91,-120,70
115,-109,64
157,-116,72
153,-73,89
83,-76,113
118,-89,76
130,-89,56
124,-109,60
114,-129,95
128,-76,127
129,-89,142
179,-81,84
74,-79,102
149,-46,96
138,-118,110
68,-115,79
135,-88,117
100,-112,103
145,-72,76
148,-74,86
85,-92,78
145,-62,105
136,-50,45
102,-76,65
142,-71,142
143,-75,84
154,-72,114
124,-86,119
141,-80,47
110,-90,142
172,-85,86
150,-72,82
127,-100,110
106,-98,73
119,-110,94
143,-110,54
182,-88,33
144,-58,87
49,-82,121
69,-81,107
50,-100,125
100,-86,184
137,-37,140
119,-101,169
177,-55,80
132,-115,63
158,-126,72
180,-78,73
183,-78,29
157,-104,51
108,-107,4
134,-97,26
166,-77,51
136,-77,105
106,-120,76
173,-118,68
188,-108,39
134,-80,13
80,-98,97
144,-73,135
128,-93,71
134,-98,96
135,-91,86
109,-121,76
120,-99,62
173,-95,71
171,-52,45
154,-70,126
157,-63,91
130,-63,142
155,-57,108
99,-111,56
123,-42,144
132,-65,107
116,-80,98
72,-52,116
67,-100,107
100,-87,91
146,-86,89
128,-119,78
98,-70,56
133,-50,123
173,-89,69
112,-108,87
74,-102,94
95,-72,125
78,-135,69
115,-118,81
79,-112,112
103,-91,131
121,-85,141
133,-125,81
137,-98,102
105,-108,72
92,-85,64
150,-128,111
121,-154,77
79,-103,124
160,-47,108
159,-57,106
62,-94,88
65,-71,109
111,-114,90
184,-112,96
104,-74,63
151,-78,62
187,-73,56
142,-73,70
101,-78,102
142,-75,75
124,-91,141
115,-100,81
164,-103,63
160,-85,72
98,-141,74
108,-84,86
108,-88,92
156,-115,49
123,-107,82
148,-117,92
107,-77,53
94,-59,88
151,-83,69
133,-84,50
89,-105,81
132,-63,152
211,-64,31
98,-160,134
147,-62,82
144,-71,158
108,-86,161
83,-96,144
106,-103,124
126,-76,68
133,-96,87
127,-44,93
163,-63,108
129,-55,109
119,-113,59
87,-110,122
124,-65,126
94,-87,120
107,-92,80
144,-30,128
173,-106,60
122,-77,61
143,-124,72
166,-117,109
173,-82,81
140,-103,86
94,-96,79
168,-91,68
111,-59,145
66,-83,123
116,-118,119
105,-95,75
144,-53,136
157,-49,96
182,-73,97
154,-96,63
105,-104,96
95,-95,85
105,-59,97
159,-74,105
157,-68,75
127,-75,83
79,-94,91
132,-61,103
143,-103,-4
156,-84,82
80,-98,123
182,-66,128
155,-72,124
93,-93,71
129,-98,78
73,-74,87
88,-74,69
138,-71,105
161,-73,135
136,-91,58
80,-99,72
118,-69,82
183,-58,104
125,-119,101
153,-69,73
48,-92,49
130,-100,47
197,-70,87
102,-101,103
127,-73,60
162,-54,80
133,-37,139
97,-104,108
134,-85,75
102,-65,93
168,-75,70
125,-109,68
92,-97,91
93,-107,117
182,-61,107
127,-73,134
129,-134,90
169,-71,72
112,-74,89
98,-90,68
151,-71,111
122,-72,67
148,-77,65
182,-65,37
149,-61,73
214,-85,69
144,-53,109
111,-84,63
99,-98,97
101,-103,65
183,-72,69
169,-86,68
109,-74,91
97,-91,117
93,-126,54
133,-86,110
103,-81,139
140,-86,124
163,-26,137
188,-66,113
111,-125,117
80,-83,96
191,-71,63
181,-79,96
121,-91,64
111,-123,39
85,-122,61
67,-121,66
90,-159,109
98,-106,132
120,-88,120
148,-46,53
163,-31,53
159,-72,12
167,-86,90
135,-95,31
160,-95,36
155,-82,72
140,-56,116
156,-42,138
113,-117,133
93,-108,94
170,-98,63
168,-83,55
140,-85,53
175,-74,97
92,-103,143
82,-120,113
115,-130,102
96,-92,54
129,-112,42
165,-80,33
91,-74,84
154,-90,102
87,-100,95
94,-95,80
124,-101,89
127,-80,100
185,-46,76
160,-69,52
149,-86,59
121,-130,15
126,-124,106
100,-57,140
117,-63,100
140,-111,42
186,-74,48
181,-54,71
163,-6,77
174,-41,68
125,-66,104
75,-118,98
98,-94,58
168,-116,47
130,-109,75
75,-109,64
131,-135,30
95,-83,106
111,-61,137
72,-91,145
82,-103,81
78,-92,90
122,-91,47
142,-69,66
185,-66,113
125,-77,104
104,-37,122
80,-77,130
77,-88,132
171,-89,84
115,-68,108
41,-110,141
130,-66,102
186,-67,94
126,-90,67
109,-131,104
131,-77,116
148,-87,103
104,-122,53
68,-88,80
108,-56,85
94,-77,75
153,-58,127
104,-67,88
192,-73,72
137,-87,63
161,-41,42
122,-122,71
86,-111,110
167,-93,47
132,-116,65
133,-84,140
133,-73,117
117,-122,112
155,-108,71
85,-65,106
69,-96,120
155,-88,89
114,-70,141
118,-117,96
184,-102,58
128,-105,136
135,-74,76
155,-54,106
154,-75,77
113,-66,131
106,-48,157
110,-78,151
116,-111,79
123,-111,74
128,-102,60
125,-93,49
128,-110,46
76,-82,141
147,-73,101
164,-80,95
129,-90,71
79,-99,85
104,-71,83
99,-123,66
70,-88,55
91,-76,43
115,-95,121
114,-100,102
156,-107,83
88,-96,79
101,-117,108
188,-90,88
93,-80,106
98,-95,106
152,-50,126
140,-66,91
173,-75,104
184,-58,100
117,-69,125
54,-84,105
103,-133,82
128,-112,99
113,-84,89
98,-117,69
91,-105,85
89,-125,77
131,-104,54
99,-69,109
139,-68,86
123,-75,137
93,-81,84
103,-90,45
128,-67,93
83,-89,89
128,-112,90
101,-100,135
78,-149,120
144,-53,130
78,-93,145
147,-56,81
120,-51,123
131,-60,153
122,-84,131
121,-94,94
173,-100,88
179,-74,66
168,-66,87
149,-135,93
134,-118,107
148,-60,61
160,-57,138
124,-79,160
77,-111,153
145,-66,110
89,-82,109
91,-97,88
150,-85,93
122,-100,74
165,-65,66
161,-88,73
110,-99,91
102,-93,87
147,-139,115
97,-118,43
159,-28,77
116,-82,169
93,-120,134
165,-47,81
131,-140,79
99,-62,116
106,-70,103
65,-93,128
147,-79,115
168,-82,102
139,-77,111
145,-107,80
155,-94,51
158,-115,53
118,-120,71
185,-109,46
186,-81,44
136,-79,90
79,-131,66
149,-134,12
172,-107,20
164,-104,116
89,-92,100
98,-81,58
129,-101,63
154,-79,136
135,-74,114
154,-74,73
130,-55,97
135,-73,130
119,-101,142
170,-107,94
103,-104,95
133,-59,124
53,-84,101
72,-113,67
86,-118,89
124,-129,76
160,-106,76
138,-90,104
157,-84,90
103,-62,135
107,-110,98
169,-86,77
162,-43,117
126,-110,97
135,-80,43
126,-73,58
107,-66,101
115,-56,123
151,-74,127
88,-73,141
121,-90,101
138,-79,84
82,-99,87
106,-124,58
125,-102,116
159,-78,85
119,-99,63
137,-83,114
150,-84,91
160,-89,86
143,-82,105
102,-68,148
89,-108,132
85,-121,125
102,-108,135
117,-69,94
118,-38,143
137,-56,131
106,-104,57
121,-97,34
181,-64,56
124,-60,126
67,-83,96
152,-131,73
151,-63,122
158,-23,112
187,-89,105
145,-85,81
113,-55,146
128,-75,159
91,-86,107
92,-112,94
105,-127,82
81,-135,49
97,-113,34
190,-94,134
150,-63,102
95,-115,116
126,-71,88
129,-67,124
158,-86,112
176,-126,50
176,-85,65
123,-64,60
93,-112,126
123,-119,82
100,-95,92
162,-65,131
111,-106,90
126,-60,95
82,-123,69
120,-115,45
197,-90,104
119,-93,97
111,-123,47
121,-86,119
157,-93,98
125,-83,62
134,-54,85
97,-89,127
97,-100,93
158,-100,100
101,-103,91
138,-97,44
168,-69,45
139,-117,106
99,-133,81
96,-105,74
89,-97,127
128,-75,134
91,-57,80
160,-38,85
189,-110,93
101,-103,76
83,-86,78
106,-89,61
155,-137,42
114,-144,54
143,-107,113
156,-118,66
145,-98,21
124,-106,68
75,-103,104
113,-69,99
155,-87,119
158,-89,66
129,-100,69
99,-82,75
191,-67,75
207,-90,97
153,-70,59
164,-106,62
184,-70,67
121,-118,80
72,-116,107
105,-89,94
70,-104,90
76,-104,109
80,-102,134
103,-96,133
157,-81,133
160,-65,113
132,-69,99
118,-73,116
40,-105,116
97,-114,65
131,-90,91
128,-54,111
135,-88,91
147,-73,60
131,-102,136
116,-87,143
107,-111,105
117,-91,154
104,-91,131
109,-104,126
133,-70,106
165,-69,111
120,-66,140
158,-109,80
124,-57,102
122,-46,158
109,-81,113
132,-74,104
164,-56,112
172,-68,128
147,-73,144
71,-98,120
68,-86,99
110,-112,84
104,-119,79
118,-139,59
171,-90,49
105,-91,63
81,-104,109
67,-87,141
61,-109,112
90,-121,95
89,-118,88
37,-96,77
67,-122,72
109,-92,41
172,-107,41
159,-120,32
91,-103,98
160,-67,86
136,-74,83
140,-123,42
173,-99,70
89,-125,65
141,-104,109
181,-93,72
113,-84,91
78,-132,74
84,-140,58
145,-100,96
116,-72,105
140,-62,108
138,-62,84
183,-99,62
85,-103,92
89,-108,107
122,-87,31
159,-56,91
154,-84,78
113,-121,42
93,-138,76
144,-83,92
151,-110,74
127,-130,140
129,-61,129
135,-89,87
61,-83,86
144,-52,98
184,-64,74
140,-82,115
181,-79,105
77,-74,75
150,-66,98
99,-74,131
118,-91,64
103,-82,72
110,-100,65
147,-80,67
110,-50,91
84,-117,93
72,-86,78
119,-123,47
106,-140,77
83,-100,86
132,-82,112
65,-87,63
158,-66,73
112,-66,128
77,-77,75
91,-95,78
153,-100,103
142,-118,126
105,-103,88
104,-69,89
93,-96,137
80,-123,102
133,-117,82
122,-125,84
95,-106,115
182,-72,100
160,-106,49
139,-64,62
94,-98,80
120,-90,94
107,-101,124
133,-122,86
118,-70,60
99,-109,43
181,-60,42
166,-73,111
104,-79,120
82,-73,107
98,-68,130
82,-106,108
156,-103,73
112,-139,101
147,-55,118
136,-75,93
137,-90,111
117,-126,125
179,-107,95
181,-74,30
132,-88,96
159,-109,92
87,-102,93
95,-111,51
136,-93,51
139,-116,104
120,-107,91
158,-110,75
150,-69,100
184,-72,109
187,-89,83
190,-79,92
143,-116,115
118,-115,113
134,-94,19
180,-73,86
142,-70,128
101,-105,69
105,-113,73
139,-81,143
127,-119,100
157,-75,68
110,-93,70
90,-68,136
123,-84,115
158,-92,72
145,-76,80
132,-35,65
148,-119,65
93,-95,123
154,-50,56
108,-96,83
171,-78,123
79,-62,124
133,-99,91
178,-74,104
155,-80,79
106,-73,98
123,-75,61
143,-81,67
107,-65,100
155,-97,117
124,-75,75
102,-72,93
149,-49,98
119,-57,132
174,-76,48
107,-85,67
168,-95,70
166,-107,37
167,-94,77
148,-92,72
132,-71,107
38,-82,109
80,-78,128
122,-63,104
142,-84,66
141,-66,85
103,-83,81
103,-93,127
163,-82,75
148,-34,71
132,-100,108
91,-107,114
107,-120,101
115,-151,75
125,-99,89
147,-84,75
115,-113,62
96,-69,95
133,-85,63
126,-92,77
181,-90,76
91,-77,139
110,-90,66
177,-80,71
181,-30,135
111,-57,110
155,-86,101
127,-92,75
121,-78,68
127,-51,127
138,-75,148
105,-98,129
104,-99,93
182,-49,70
173,-71,100
151,-60,85
173,-79,35
53,-63,130
89,-96,73
140,-105,42
188,-68,64
139,-101,79
132,-129,59
142,-81,80
147,-56,85
119,-100,92
153,-75,63
117,-116,99
89,-130,96
119,-70,109
140,-74,40
216,-81,123
119,-77,110
92,-108,118
172,-106,101
88,-118,76
117,-100,54
123,-97,58
74,-45,117
56,-92,113
131,-116,101
119,-134,93
138,-100,54
106,-86,137
49,-105,95
146,-64,110
93,-126,96
77,-119,79
142,-49,80
129,-73,93
143,-88,132
137,-84,134
140,-37,136
114,-50,93
132,-67,99
118,-62,103
160,-58,122
142,-91,80
105,-101,100
175,-92,101
130,-80,78
166,-85,62
160,-90,74
164,-81,78
112,-96,75
80,-113,110
98,-122,107
116,-100,118
63,-119,131
76,-110,149
112,-94,138
98,-77,41
69,-128,76
107,-132,96
86,-106,64
110,-109,57
103,-79,80
153,-85,55
174,-91,77
171,-71,61
133,-102,80
128,-81,82
83,-90,102
146,-74,117
192,-46,100
77,-42,129
102,-108,61
150,-66,53
160,-83,73
169,-77,71
172,-119,83
169,-78,79
169,-70,33
192,-71,64
153,-137,79
105,-119,105
118,-83,118
127,-64,106
141,-115,74
161,-101,41
188,-81,57
136,-105,116
138,-56,83
188,-52,94
155,-70,76
116,-63,115
162,-53,118
152,-41,78
184,-59,51
166,-80,51
113,-92,67
108,-120,52
127,-99,85
105,-124,117
95,-99,114
105,-94,45
138,-74,82
151,-69,111
121,-113,102
113,-108,145
59,-98,141
49,-108,102
76,-115,143
101,-117,116
87,-96,135
72,-103,124
72,-84,116
137,-66,114
142,-70,105
108,-76,119
124,-67,101
132,-113,73
148,-85,74
141,-57,115
126,-115,101
160,-129,55
122,-103,41
100,-116,97
118,-92,124
134,-42,120
147,-39,91
150,-114,54
175,-105,63
101,-94,112
114,-113,127
83,-88,134
95,-81,81
131,-66,101
181,-42,74
152,-76,121
87,-139,138
136,-119,78
163,-69,81
103,-73,110
109,-89,139
140,-114,83
148,-73,85
75,-112,104
151,-99,81
141,-110,115
124,-98,68
127,-70,111
91,-94,113
87,-101,135
141,-76,138
143,-97,97
137,-67,73
98,-86,74
114,-90,89
166,-84,64
167,-96,119
131,-81,150
116,-87,111
205,-89,77
138,-121,76
88,-69,85
78,-84,128
87,-140,124
124,-146,37
175,-104,55
159,-69,55
109,-48,119
109,-84,153
96,-101,145
61,-99,111
66,-95,116
37,-82,92
90,-80,92
78,-87,105
79,-82,164
132,-84,121
167,-76,94
117,-72,91
123,-100,47
120,-128,120
119,-91,148
136,-57,111
153,-69,49
81,-99,19
131,-45,97
144,-68,79
59,-108,129
136,-90,129
176,-113,72
92,-94,120
101,-101,152
140,-29,138
144,-60,92
104,-99,97
100,-82,149
148,-57,109
178,-56,74
176,-95,64
104,-133,91
125,-90,103
180,-50,127
83,-82,84
81,-104,61
86,-95,113
163,-54,113
182,-83,116
154,-66,62
191,-82,81
130,-76,101
115,-104,148
91,-93,133
99,-98,85
136,-106,22
92,-63,85
123,-66,158
142,-87,112
155,-133,63
152,-77,77
118,-82,93
97,-119,116
85,-96,123
100,-90,111
88,-99,128
123,-49,107
160,-53,128
193,-60,87
107,-94,24
191,-72,70
137,-110,97
81,-99,82
67,-107,73
134,-103,73
166,-76,109
137,-75,122
74,-106,129
134,-114,102
107,-77,46
131,-58,89
171,-70,96
141,-60,137
118,-114,64
177,-77,46
163,-85,124
119,-105,85
129,-78,141
128,-85,67
142,-76,126
120,-68,71
132,-56,64
108,-96,109
124,-100,85
140,-67,94
139,-105,150
173,-66,123
72,-82,114
111,-112,36
168,-90,111
187,-93,125
120,-85,142
155,-97,101
136,-104,43
131,-95,96
131,-82,97
161,-83,65
116,-112,125
95,-84,75
117,-96,90
168,-85,68
72,-111,102
83,-97,67
119,-96,50
123,-92,72
203,-56,58
118,-99,53
87,-69,115
121,-56,107
114,-97,101
112,-126,73
115,-116,45
117,-117,52
88,-114,95
80,-88,98
158,-111,87
166,-85,106
75,-69,104
138,-63,138
107,-77,96
100,-116,80
68,-93,110
76,-58,145
97,-56,136
106,-94,101
122,-72,91
116,-55,78
79,-82,101
169,-87,65
110,-101,128
52,-120,44
63,-86,72
200,-84,70
118,-55,102
82,-78,108
134,-79,107
140,-85,65
155,-65,67
165,-108,19
156,-83,66
171,-97,64
187,-67,107
132,-46,129
75,-108,92
105,-113,88
78,-109,130
106,-78,74
117,-35,101
139,-63,122
147,-84,114
82,-69,111
116,-78,105
169,-91,82
143,-48,110
99,-71,147
100,-100,106
150,-78,96
105,-111,143
139,-68,117
105,-103,136
150,-62,93
107,-72,131
178,-66,106
163,-33,60
126,-114,65
138,-118,64
156,-74,29
188,-69,105
177,-62,113
169,-69,131
175,-91,61
153,-127,61
156,-99,86
123,-106,116
85,-101,113
103,-95,105
73,-87,130
138,-61,93
131,-57,53
106,-73,55
123,-82,116
149,-58,83
179,-84,132
127,-93,116
159,-70,125
188,-78,99
120,-84,105
94,-111,111
181,-77,143
116,-72,108
139,-106,49
114,-106,110
88,-113,107
126,-108,89
128,-63,96
106,-58,135
129,-83,115
134,-53,65
175,-76,70
152,-83,46
154,-122,43
196,-67,151
110,-77,87
109,-45,119
106,-66,129
147,-64,55
170,-56,82
139,-83,84
149,-105,80
159,-90,72
108,-97,100
136,-61,105
113,-81,110
77,-108,126
130,-116,67
115,-67,132
107,-49,127
151,-73,113
139,-80,108
169,-70,88
164,-74,47
148,-74,53
171,-60,76
171,-57,122
153,-60,144
125,-64,157
91,-66,135
130,-32,81
132,-78,109
140,-45,45
126,-143,-1
106,-135,76
106,-70,110
138,-102,80
114,-84,98
176,-77,99
115,-95,35
80,-137,63
97,-109,117
82,-82,102
149,-90,57
118,-159,78
143,-91,105
166,-75,145
71,-92,123
76,-82,100
112,-109,130
166,-104,121
149,-90,38
162,-68,89
148,-79,130
99,-89,106
122,-95,104
155,-68,96
186,-83,123
107,-70,99
99,-103,39
89,-114,90
92,-134,70
71,-80,105
90,-67,136
100,-97,123
180,-68,72
157,-85,32
106,-107,64
67,-104,109
102,-111,89
116,-115,56
202,-97,45
146,-91,84
76,-83,151
159,-98,100
154,-98,75
173,-79,52
137,-67,26
168,-106,98
167,-60,100
88,-97,106
73,-97,84
103,-75,74
94,-122,58
138,-149,87
110,-120,59
161,-51,69
172,-88,77
185,-73,67
148,-32,81
137,-45,141
124,-76,120
106,-70,96
100,-104,61
137,-120,66
149,-68,62
138,-84,66
191,-119,60
147,-85,36
152,-132,49
146,-121,28
115,-96,81
134,-71,121
89,-104,57
157,-63,71
129,-90,65
97,-129,128
127,-103,73
145,-52,113
115,-95,126
94,-89,96
61,-62,75
79,-115,72
126,-108,78
173,-70,69
109,-56,144
149,-86,116
113,-104,142
173,-96,54
103,-122,116
151,-100,76
127,-81,86
149,-79,124
166,-76,63
132,-115,44
125,-94,110
129,-86,95
104,-126,46
142,-64,69
77,-82,98
54,-75,36
78,-83,64
88,-35,104
103,-66,100
123,-71,100
155,-77,91
117,-92,79
111,-116,97
138,-85,132
102,-90,126
87,-89,120
68,-92,106
102,-53,119
102,-110,96
102,-67,71
144,-50,130
103,-160,71
91,-123,120
187,-93,106
184,-101,60
99,-85,107
87,-99,114
137,-67,103
169,-105,64
116,-82,48
128,-51,112
88,-85,102
123,-97,80
151,-72,138
42,-128,117
59,-108,97
89,-72,121
125,-83,98
108,-79,115
107,-36,140
175,-51,108
174,-76,92
174,-70,41
137,-90,109
105,-87,113
161,-75,62
99,-79,127
194,-65,103
59,-80,143
67,-121,80
143,-85,81
163,-83,87
94,-59,76
128,-99,83
104,-101,61
98,-133,96
130,-99,67
95,-80,87
138,-85,125
86,-107,146
164,-77,158
102,-130,117
111,-120,69
84,-57,115
94,-58,86
58,-97,118
165,-120,119
147,-88,112
88,-62,117
139,-88,99
146,-72,95
103,-85,103
109,-111,69
112,-60,48
78,-119,63
165,-115,92
152,-73,132
171,-50,68
147,-96,78
106,-107,137
150,-85,95
142,-121,99
125,-101,94
151,-73,134
183,-64,89
171,-82,68
137,-115,91
137,-111,59
85,-122,84
141,-106,85
90,-76,146
119,-66,139
93,-71,133
124,-92,87
96,-124,74
79,-104,124
89,-93,106
120,-91,105
115,-87,105
128,-107,99
86,-136,77
99,-109,102
28,-109,78
66,-117,150
142,-96,63
115,-143,58
109,-94,100
173,-115,90
149,-131,100
137,-133,119
130,-67,70
107,-74,98
124,-84,74
103,-75,49
108,-91,52
123,-88,107
136,-44,141
166,-95,92
99,-38,73
159,-41,93
100,-99,91
130,-66,107
125,-59,109
113,-80,87
114,-85,108
146,-68,64
148,-64,88
131,-80,97
121,-49,73
98,-57,132
105,-73,103
160,-84,30
110,-84,149
154,-61,101
83,-83,44
140,-82,94
143,-119,74
100,-147,67
139,-74,126
137,-40,68
133,-70,83
136,-37,109
177,-89,53
123,-70,138
174,-96,118
95,-148,80
147,-71,142
102,-49,92
140,-68,66
125,-109,94
125,-72,101
130,-104,85
154,-95,88
105,-119,97
98,-85,81
160,-88,53
98,-106,103
128,-98,55
103,-55,108
150,-65,117
137,-49,149
103,-91,83
136,-92,32
172,-100,96
128,-68,87
126,-62,120
128,-56,121
103,-66,115
72,-51,94
121,-82,113
151,-88,89
76,-88,80
85,-59,126
111,-101,135
87,-104,99
107,-89,76
106,-108,78
149,-92,53
159,-85,46
134,-120,71
124,-116,31
106,-115,45
127,-120,56
116,-118,78
68,-145,73
51,-109,95
105,-97,126
90,-115,55
65,-115,103
152,-118,68
138,-61,48
162,-87,82
125,-108,38
105,-100,111
128,-50,100
158,-97,57
132,-78,91
123,-64,137
151,-121,79
113,-91,122
192,-79,83
157,-113,30
138,-70,155
93,-118,95
170,-120,89
129,-109,63
96,-96,64
106,-58,116
143,-103,101
163,-60,96
159,-55,125
148,-60,112
116,-97,95
140,-82,143
132,-95,124
146,-93,125
59,-127,88
111,-132,120
100,-136,112
111,-94,61
125,-111,101
153,-98,94
144,-105,74
121,-67,97
143,-42,140
130,-46,155
142,-39,129
139,-52,121
167,-84,147
106,-83,160
103,-66,139
158,-87,131
122,-93,153
78,-130,81
139,-98,90
114,-84,102
158,-76,72
145,-94,54
131,-116,77
144,-141,70
104,-87,89
103,-55,131
117,-57,98
96,-40,163
126,-90,61
164,-114,139
179,-104,93
103,-106,45
127,-103,109
95,-89,104
127,-69,118
147,-71,139
139,-84,107
114,-63,96
96,-87,130
135,-86,85
182,-89,66
114,-102,106
95,-126,121
133,-56,115
111,-94,38
93,-81,146
108,-75,141
170,-60,66
132,-62,106
102,-80,120
112,-94,114
78,-91,81
79,-76,82
135,-89,104
138,-79,87
122,-73,90
117,-96,89
152,-107,87
127,-80,140
162,-48,102
171,-68,98
182,-99,75
114,-90,70
125,-72,71
142,-53,73
158,-60,134
147,-89,88
83,-69,133
128,-59,98
162,-82,90
165,-86,74
85,-76,120
61,-128,118
106,-101,129
135,-111,99
95,-78,106
99,-65,124
141,-100,103
143,-96,111
149,-73,85
124,-79,83
90,-87,92
145,-79,93
173,-54,136
176,-77,65
174,-92,84
167,-116,54
118,-86,43
70,-114,74
53,-96,97
86,-75,105
117,-112,55
126,-138,82
95,-100,147
132,-74,103
129,-96,37
128,-75,135
150,-44,89
64,-94,37
97,-57,110
172,-81,102
101,-121,42
77,-97,63
181,-88,91
200,-101,34
186,-75,82
114,-21,111
114,-84,170
140,-69,148
152,-82,79
152,-68,37
162,-101,68
150,-84,35
119,-117,47
66,-100,45
121,-54,110
82,-86,111
112,-69,58
116,-135,66
137,-110,94
145,-74,119
96,-98,105
108,-131,69
159,-62,54
186,-57,71
110,-54,62
129,-101,68
162,-65,82
118,-47,124
76,-98,120
105,-119,112
167,-78,87
126,-103,87
92,-102,61
168,-112,59
159,-82,24
157,-53,44
148,-84,88
99,-62,102
86,-81,104
88,-99,93
103,-109,60
116,-68,66
96,-111,28
175,-56,108
132,-88,74
36,-71,97
113,-62,118
101,-76,78
77,-92,58
128,-87,104
170,-84,105
89,-117,104
101,-78,103
136,-71,50
58,-100,95
151,-44,57
123,-70,86
119,-134,98
124,-70,101
95,-73,128
66,-86,109
98,-114,76
96,-95,138
129,-77,121
143,-95,85
115,-71,117
101,-61,121
62,-97,109
76,-109,58
95,-79,142
86,-63,100
103,-54,105
55,-84,100
138,-96,98
126,-83,121
100,-76,92
160,-81,83
179,-103,92
135,-91,86
79,-70,95
174,-88,74
144,-62,113
150,-99,85
155,-37,117
102,-86,99
151,-81,56
121,-98,76
151,-61,82
116,-115,79
96,-79,50
164,-67,95
149,-74,111
150,-99,83
154,-114,98
130,-142,95
103,-80,121
75,-121,44
115,-78,71
176,-63,36
132,-118,79
129,-103,68
113,-75,90
123,-67,112
122,-73,138
122,-65,166
140,-88,86
163,-67,55
126,-124,57
158,-73,104
122,-96,74
201,-54,104
97,-103,133
43,-118,125
55,-80,129
97,-36,146
160,-72,89
185,-91,60
124,-131,94
78,-152,81
128,-154,83
139,-115,74
138,-84,78
168,-65,104
197,-74,127
192,-51,93
110,-69,90
162,-68,51
160,-76,28
194,-56,90
172,-63,90
115,-68,102
86,-97,112
149,-70,120
171,-65,86
152,-113,106
112,-89,93
91,-107,102
68,-80,96
55,-118,82
97,-115,50
133,-92,54
155,-128,45
133,-68,104
91,-75,111
68,-58,86
90,-77,113
68,-95,104
123,-62,91
125,-65,89
123,-75,119
103,-100,145
115,-122,92
88,-111,86
101,-120,53
99,-130,97
103,-93,132
137,-74,85
118,-21,128
148,-58,88
179,-64,63
146,-80,104
131,-85,90
138,-76,48
138,-69,66
151,-100,73
78,-97,133
125,-85,92
162,-92,108
173,-63,79
186,-69,123
121,-70,110
148,-54,111
159,-111,95
103,-122,40
134,-74,72
98,-63,125
84,-87,114
108,-131,134
99,-73,136
123,-94,105
89,-83,106
160,-59,133
68,-122,150
166,-32,105
91,-48,130
124,-60,82
54,-70,96
138,-75,158
130,-98,106
76,-92,108
111,-75,73
118,-77,120
153,-54,117
114,-78,59
160,-54,97
151,-58,152
142,-78,109
139,-76,109
118,-93,106
135,-123,72
117,-59,82
97,-108,106
173,-124,82
135,-109,26
82,-118,108
112,-84,57
157,-107,75
185,-98,63
100,-111,79
52,-78,133
124,-55,101
97,-73,150
104,-78,172
119,-104,142
89,-90,92
79,-125,96
79,-89,116
77,-107,95
77,-113,73
148,-89,63
125,-58,104
148,-76,59
154,-42,70
118,-54,110
141,-53,114
105,-89,96
116,-45,139
143,-66,84
98,-100,54
169,-65,102
134,-56,75
91,-74,18
111,-87,105
128,-67,144
206,-56,80
166,-112,41
114,-124,80
111,-70,135
170,-89,104
64,-118,116
76,-111,100
171,-54,88
113,-48,94
142,-95,97
153,-78,93
123,-59,101
123,-80,99
143,-79,86
103,-63,107
147,-108,95
112,-110,67
100,-49,109
45,-94,93
119,-46,147
128,-104,111
53,-125,95
130,-73,77
170,-85,107
72,-69,128
90,-71,95
166,-80,107
126,-85,136
102,-102,89
131,-93,79
122,-91,96
91,-88,83
128,-129,77
91,-91,118
130,-74,84
134,-62,107
93,-77,90
110,-75,116
139,-99,65
89,-114,69
115,-86,72
133,-87,101
135,-81,56
67,-82,80
70,-127,106
71,-95,91
116,-52,69
132,-79,123
168,-50,49
119,-102,66
120,-101,79
147,-98,78
180,-83,52
104,-88,51
87,-118,64
101,-91,130
141,-63,123
118,-88,83
173,-55,83
162,-73,104
110,-80,71
120,-105,65
118,-94,150
142,-90,98
172,-66,88
166,-72,89
196,-60,104
133,-55,90
125,-65,95
107,-78,98
127,-84,87
84,-59,142
127,-89,119
108,-128,112
150,-40,40
145,-92,80
86,-76,112
156,-91,94
105,-97,92
162,-84,107
135,-91,54
91,-109,92
128,-82,121
143,-114,106
159,-75,48
163,-79,41
202,-67,67
148,-59,74
121,-70,48
112,-40,102
185,-30,91
121,-94,115
136,-52,117
120,-73,74
114,-119,103
166,-60,106
158,-73,111
128,-89,73
74,-101,109
157,-74,106
174,-50,107
123,-101,54
105,-127,128
117,-57,143
159,-67,95
163,-54,68
75,-76,119
103,-89,79
137,-98,102
132,-103,138
126,-105,57
179,-84,67
130,-76,122
103,-83,93
167,-98,28
103,-89,133
155,-65,56
116,-104,32
61,-102,126
166,-47,93
133,-102,98
129,-125,93
165,-119,79
109,-107,91
64,-109,76
105,-86,86
159,-81,91
185,-73,89
194,-85,96
137,-145,75
128,-59,148
126,-98,152
99,-81,115
100,-107,97
155,-76,82
110,-99,69
116,-87,119
144,-34,115
157,-83,84
116,-70,123
146,-87,101
112,-62,113
120,-127,60
184,-83,74
160,-83,97
152,-97,78
99,-119,117
161,-58,80
124,-60,59
100,-104,138
79,-101,132
134,-60,125
154,-56,83
184,-95,52
136,-89,32
75,-108,99
69,-93,130
44,-99,122
125,-75,75
152,-31,105
180,-72,78
154,-101,122
146,-82,131
--- END DATA (Found Empty Space) ---
